-0.029318
0.012248
0.009343
-0.012450
-0.008551
0.025354
-0.056029
-0.018121
0.012224
0.051400
0.012837
-0.024646
0.054801
-0.023860
-0.003180
0.015524
0.036784
-0.015204
-0.022087
0.002735
0.017169
-0.007496
-0.007022
-0.048690
0.006110
-0.025600
0.017542
0.019072
0.015871
-0.030295
-0.000395
-0.019269
-0.040407
0.026496
0.017231
-0.067977
-0.305363
0.016193
0.003455
0.006077
0.015616
-0.030605
-0.005252
0.003477
0.038460
0.058963
0.026047
0.011683
-0.012176
0.019998
0.033919
0.025323
0.013394
-0.135427
0.038330
-0.117478
-0.019395
-1.295354
0.053390
-0.028071
0.013560
0.019836
-0.015055
0.008270
0.023418
-0.021575
-0.085180
-0.010468
-0.014599
-0.001083
0.015914
-0.012798
0.027422
0.080901
-0.018962
-0.037299
0.021647
0.417334
-0.048803
0.008318
0.020951
-0.006681
0.080279
0.035888
0.050969
0.002955
0.053331
0.004840
-0.030604
-0.014534
0.007600
0.012214
0.012633
-0.005491
-0.033740
-0.221886
0.003457
0.024699
-0.008633
0.013243
-0.033774
-0.012668
0.020329
-0.000359
0.055932
-0.009833
-0.013819
-0.002591
0.012068
-0.055180
-0.007884
-0.015513
-0.020336
0.009634
0.015547
0.000119
-0.008546
0.013529
-0.007811
0.004066
0.024502
-0.007776
0.001666
0.012801
0.010830
0.018224
-0.005349
-0.005621
-0.003474
-0.128647
0.000476
-0.019143
-0.004974
0.021008
-0.013222
0.068059
0.011240
-0.042860
-0.029175
-0.019106
-0.016786
-0.028278
0.110044
0.041236
-0.016458
0.010273
0.020962
0.022907
0.008024
-0.018585
-0.057573
0.005588
-0.012550
-0.003156
-0.016980
0.023701
-0.017039
0.011981
0.043394
0.006996
-0.033361
-0.028914
-0.054485
-0.037595
-0.002427
0.010963
-0.017116
-0.026964
-0.050757
0.050337
0.014572
-0.024838
0.019340
-0.000733
0.009387
0.002578
0.002878
-0.002917
-0.001673
0.012351
0.025608
0.016374
-0.014985
0.002827
0.021110
0.001403
0.102718
0.022890
-0.028174
0.027181
0.030900
-0.038300
0.018936
0.031983
0.039038
0.025819
0.012693
-0.038272
0.017788
0.029397
-0.020795
-0.030387
0.005653
-0.006647
-0.004376
0.028662
0.018069
0.026386
0.022804
-0.025875
-0.002289
0.004350
0.001323
-0.004740
-0.000335
0.002814
-0.011515
0.025723
-0.020430
-0.003953
-0.023131
0.026443
-0.033373
-0.001864
0.014191
0.032822
0.036764
-0.052030
0.010040
0.026873
-0.026765
0.024574
-0.018710
0.027238
-0.013740
0.010161
-0.014221
-0.003736
0.029535
0.054411
-0.064181
-0.026294
-0.040865
0.023307
0.019468
0.009937
0.001757
0.030400
0.007849
-0.014729
0.000802
-0.015743
0.003718
0.000158
0.016337
-0.026545
0.015779
0.007356
-0.016639
0.049161
0.012528
-0.013546
0.008627
-0.011490
0.000571
-0.012203
0.022353
0.014359
-0.009895
0.031952
-0.056505
-0.019485
0.015825
0.009943
-0.002685
0.011915
0.017832
0.017692
-0.009718
-0.034995
0.007388
0.012766
0.017052
0.025993
0.057680
0.020796
-0.017674
-0.017031
-0.013889
0.002868
-0.040014
-0.039258
-0.021362
-0.053418
0.056092
0.012084
0.030817
0.139848
-0.045774
-0.020383
-0.018850
-0.009246
-0.005018
-0.019231
0.007646
-0.037542
0.019807
-0.051603
0.008612
0.043452
0.026054
-0.018882
-0.020021
0.060988
-0.090588
0.014720
-0.020483
-0.033006
0.010042
-0.010510
0.001285
-0.031322
-0.045602
0.038890
-0.020086
-0.029161
0.014374
0.012390
0.010390
-0.014328
-0.004665
-0.020295
0.018385
-0.012495
0.008850
-0.019933
0.108722
-0.014175
-0.020624
0.023633
0.017368
0.060245
0.009662
-0.813864
0.051204
-0.029916
-0.023488
0.007836
0.014460
0.000969
-0.000080
-0.007292
-0.016845
-0.033700
-0.032706
-0.003249
-0.018551
-0.010333
0.095591
0.021677
-0.043509
-0.002250
0.004609
0.042393
0.032132
0.036095
-0.001400
-0.008475
0.012783
0.037694
0.008697
-0.002298
-0.043549
-0.016659
-0.035520
-0.011844
0.015418
0.048238
-0.003389
0.044557
-0.007441
0.017582
-0.019277
0.023193
-0.018995
-0.010419
0.046134
-0.029213
0.024129
0.052395
-0.046753
-0.009682
-0.007172
0.012101
-0.010303
-0.016350
0.023697
0.019326
-0.021901
-0.014804
-0.011945
0.021609
0.011571
-0.009118
0.041960
0.006551
-0.033963
0.016086
0.001583
0.023472
0.001579
0.041802
-0.038205
-0.073144
-0.015065
-0.006111
-0.000200
0.002561
0.006728
0.025367
-0.030626
-0.009011
0.010230
-0.001279
-0.001008
-0.055792
0.012986
0.032189
-0.014757
0.016920
0.023921
0.004238
-0.037955
0.009080
-0.044730
-0.038776
-0.028197
0.023451
-0.005104
0.004753
-0.024787
0.012485
0.032698
-0.031092
-0.014571
-0.023880
-0.016816
0.006451
0.059276
0.006245
-0.074254
-0.027006
-0.028516
-0.014492
0.009219
0.033920
0.031064
-0.008932
0.037907
0.013979
-0.004045
0.023705
0.012276
0.038089
0.064217
0.033623
0.045656
-0.016306
0.004347
-0.039751
-0.068566
-0.031990
-0.026461
-0.023285
-0.008601
-0.021943
0.029152
0.036533
0.007780
0.020909
0.046910
-0.019925
-0.021134
0.029080
-0.034243
-0.011588
-0.009494
-0.038477
0.019550
0.105993
0.012167
0.022920
0.077942
0.020040
0.000356
0.007271
-0.041496
0.019130
-0.001380
-0.047425
0.035165
0.052323
-0.004330
0.001079
0.001130
-0.015270
0.029703
0.016966
0.009340
-0.028383
-0.013732
0.207331
0.009734
-0.035204
0.015978
0.155906
-0.032277
0.005504
0.010190
-0.014524
0.013778
-0.011992
-0.032015
-0.014434
0.002185
-0.010362
0.034809
-0.002970
0.014852
0.022712
-0.048653
0.051493
0.011077
0.004331
0.008298
-0.015375
0.018399
-0.109891
0.000911
0.024072
0.000196
-0.053439
0.007727
0.021968
-0.052001
0.055655
0.027656
0.017610
0.017926
0.068632
-0.013896
-0.014152
-0.034621
0.028521
0.188106
-0.004739
0.021956
-0.038559
0.013942
0.012399
0.174597
-0.028444
0.001655
0.009670
0.015282
0.010746
0.015746
0.058083
0.005896
0.058862
-0.010278
-0.025008
0.008286
-0.021531
0.012426
0.086093
-0.003185
0.017853
-0.080904
0.040059
-0.008083
0.011044
-0.021626
0.022075
-0.021409
0.013349
0.030838
0.064185
0.018313
0.020234
0.007126
0.029514
0.030155
0.021962
-0.117172
0.010447
0.005669
0.016537
-0.024359
0.005128
0.013097
-0.022363
-0.021926
-0.016700
0.017054
0.011736
-0.031981
0.009986
0.006331
-0.103108
-0.024771
0.001089
0.010314
0.131205
-0.056553
-0.014438
0.000674
0.015973
0.011551
0.025531
0.003218
-0.022077
-0.004385
0.117152
-0.011571
-0.021292
0.016352
-0.030753
-0.002596
-0.024645
0.013838
0.011763
-0.012837
0.027028
0.016060
-2.158362
-0.030054
0.041411
-0.011345
0.012625
0.053195
-0.046339
-0.007069
0.011814
0.015719
0.009612
0.032082
-0.005664
0.005609
0.021130
-0.006395
-0.036652
0.032183
-0.023407
0.016213
0.066197
0.010397
0.009589
-0.006131
-0.030411
0.011786
0.008806
-0.025362
-0.003109
0.022375
-0.033335
0.005784
-0.004280
-0.012456
-0.013976
0.023170
0.013761
0.048469
-0.009146
0.010015
-0.002322
0.084718
0.044540
0.036325
-0.056119
-0.056937
0.025988
0.025845
-0.001765
0.012590
-0.009370
0.004940
0.001443
0.001146
0.013366
-0.021886
0.072323
-0.015208
0.020704
0.009233
-0.008226
0.014674
0.013696
-0.016692
-0.020887
0.022186
0.021055
0.034205
-0.018621
-0.029895
-0.062315
0.066477
-0.005453
0.004403
-0.007625
-0.001606
0.012019
-0.008841
-0.019138
0.018244
-0.006386
0.021020
0.031623
0.170634
0.000023
-0.015443
0.014978
0.004707
0.029470
-0.005205
0.013824
-0.070095
-0.035885
-0.018447
0.019855
0.004717
0.032940
-0.015207
0.004892
0.047107
0.010218
-0.028881
-0.016932
0.009487
0.031928
0.021438
-0.031090
-0.018852
0.028110
-0.020118
-0.035318
0.012638
0.049955
0.022050
-0.020670
-0.002839
-0.003745
0.018435
0.019358
0.014350
0.010540
-0.005455
0.088285
0.001694
-0.070230
-0.009452
0.008638
-0.024751
0.023830
0.023960
-0.008649
-0.082098
-0.000734
0.054024
0.004896
-0.012938
0.012032
-0.012730
0.056665
-0.008130
-0.004635
-0.002236
-0.003927
-0.014088
-0.028412
-0.148600
0.000874
-0.172272
-0.103297
0.000993
-0.151878
-0.362708
0.041487
0.011102
-0.013897
-0.013303
0.008191
0.025858
0.013330
0.056072
0.022380
-0.049381
-0.056364
0.091214
-0.044334
0.001237
0.013944
-0.018577
-0.012991
-0.008558
-0.038212
-0.014389
0.027049
0.006211
-0.001940
-0.002226
0.007703
-0.026267
0.017602
0.034086
0.156142
-0.005359
0.016837
-0.034420
0.084002
0.038138
-0.024772
0.012585
0.099720
0.022239
0.018493
0.015827
0.027796
0.001730
-0.012271
-0.026788
0.006673
-0.034407
-0.001928
0.026723
0.022392
0.013097
-0.013524
-0.019218
-0.036996
0.000025
0.010482
-0.034331
-0.015705
0.007037
-0.012107
0.016335
-0.032774
-0.028876
-0.014120
0.003781
-0.014345
-0.029342
-0.005370
-0.007899
-0.002345
-0.013267
-0.026223
-0.013990
-0.012963
0.004687
0.013169
-0.020484
-0.010829
-0.026770
-0.008096
0.002029
0.015758
0.085948
-0.102651
-0.020446
-0.018631
-0.020554
-0.022826
0.016390
0.016265
-0.013961
0.003081
0.179204
-0.007664
0.036659
-0.004698
0.015455
0.022967
-0.199892
0.020040
-0.027373
0.012323
0.087288
-0.030791
-0.000629
-0.016371
-0.000498
0.021336
-0.011300
-0.014249
0.023444
0.020329
0.014431
-0.026937
0.032716
0.017677
0.021286
0.072057
0.014931
-0.012489
-0.020721
0.030041
0.025397
0.008452
-0.011803
0.026034
-0.014849
-0.032767
-0.247207
-0.031221
0.082824
0.028749
0.010098
-0.015377
0.017442
-0.014287
-0.020661
-0.006619
-0.005667
-0.031395
-0.043792
0.044657
0.024927
-0.007945
-0.029783
0.004153
-0.025064
0.014449
-0.036535
0.009688
0.071899
0.028471
-0.014309
-0.019131
0.020676
0.054658
-0.033335
0.010949
0.011611
0.007919
-0.018453
0.040030
0.017404
-0.045409
-0.055755
0.006359
0.274372
-0.008441
-0.020090
0.009893
0.083259
-0.122696
0.002723
-0.031562
-0.006255
-0.017141
0.043471
-0.017971
0.009750
0.000308
-0.041186
0.005688
0.002919
0.044191
0.021142
-0.439239
0.024156
0.006139
-0.001833
0.006613
-0.012833
0.204224
-0.042283
0.007199
-0.065488
0.015084
-0.013122
-0.033072
0.026039
-0.048252
-0.004596
0.008742
-0.017953
0.044976
0.030566
0.014515
-0.008801
0.318516
-0.087636
0.012798
0.003510
0.108749
-0.012362
-0.007285
-0.002340
-0.024303
0.061347
0.030681
-0.011355
-0.015846
0.004597
-0.037472
-0.014042
0.063851
0.023898
0.044030
0.015245
0.004942
0.037895
-0.021486
-0.038002
0.003008
-0.007354
-0.018925
-0.008427
0.022662
-0.004337
-0.013660
-0.011536
0.022047
0.007006
0.047649
-0.038969
0.016800
-0.025519
0.012603
0.016142
0.022673
0.030989
0.009185
0.013970
-0.045210
0.005515
0.022029
-0.012663
0.042028
-0.038156
0.071536
0.013721
0.003360
0.026556
-0.012125
-0.027328
0.029765
-0.219306
-0.006640
0.037619
0.031717
-0.023899
0.002492
0.030396
-0.030841
-0.021547
-0.020733
0.008686
-0.036927
0.010039
0.019379
0.009166
0.030375
0.062734
-0.014349
0.006865
0.033636
-0.014291
-0.026091
0.003277
0.024550
-0.000132
-0.009243
-0.006918
0.007513
0.014043
-0.009058
-0.001588
0.002695
-0.047464
-0.024932
0.024243
-0.002551
-0.003572
0.011688
-0.008723
0.026062
-0.004606
0.023563
0.068622
0.034332
0.018378
-0.013560
-0.002778
0.064894
-0.020151
-0.008536
-0.019193
-0.004157
-0.033882
-0.016859
-0.027477
-0.010931
0.015142
-0.000734
0.007338
-0.030787
0.015866
0.013734
-0.014570
0.004654
0.144850
0.023526
-0.014208
-0.004515
-0.021044
-0.061634
0.004115
0.027108
0.016031
-0.191391
0.025250
0.009078
0.035380
0.014626
-0.028004
0.025896
0.041008
-0.010740
0.009124
-0.000795
0.100129
0.013643
0.004726
0.027405
0.084385
0.023380
-0.047233
-0.019287
0.025080
0.009029
0.025841
0.008706
0.012032
0.021539
-0.019681
-0.130679
0.027550
0.019956
0.084975
-0.014809
-0.017291
0.001623
-0.012870
-0.018727
-0.036938
-0.015247
0.016977
0.035768
0.020751
0.010365
0.062023
0.004123
0.007336
0.018165
-0.040994
0.015183
-0.017933
-0.013939
0.012260
0.006414
-0.032330
-0.012974
0.022454
0.023493
-0.060086
0.017872
0.064734
-0.028539
-0.003595
0.042165
0.026313
0.012726
-0.495448
0.035111
0.014579
-0.013482
-0.014226
-0.018173
0.025956
-0.003083
0.011388
-0.012996
0.020727
0.004431
0.010743
0.080272
0.005281
0.025582
0.020532
0.011726
-0.019886
-0.011252
-0.012858
0.015246
0.099422
0.024784
-0.011234
0.018120
0.003272
-0.009860
0.002275
0.006048
0.023456
-0.005243
0.034728
0.040156
-0.015759
-0.010863
0.008609
-0.011913
-0.047803
-0.002499
0.022253
-0.016359
-0.014637
0.018445
0.004950
-0.000820
-0.074384
0.003751
0.000095
0.011586
-0.025068
0.027934
0.039513
-0.051297
0.011160
-0.027884
-0.009314
0.022897
0.041251
0.016909
0.045449
0.008985
0.017586
-0.000242
0.024582
-0.030516
0.032833
-0.067930
-0.013219
-0.011700
-0.029462
-0.216487
-0.020606
0.009214
-0.065292
-0.023823
-0.054438
0.039012
-0.152866
-0.005883
-0.019340
-0.007839
0.006065
-0.039713
0.009573
0.015110
-0.015198
0.045426
0.022472
0.022481
0.033005
-0.072297
0.008156
-0.001875
-0.022373
0.004514
-0.132987
-0.011559
0.071410
-0.023219
-0.000455
-0.012548
0.010366
0.010588
-0.007512
0.038853
0.004843
0.005955
0.004328
0.035506
-0.014190
-0.199541
-0.009434
-0.018372
0.002539
0.015364
-0.002104
-0.006855
-0.121457
-0.027136
0.006412
0.003985
0.033142
0.008853
-0.010464
0.027720
-0.023223
0.016085
0.054584
-0.022701
0.025563
0.015068
0.016773
0.040365
-0.000824
-0.002385
0.018472
-0.005523
0.003583
0.014800
0.090439
-0.013328
-0.040292
0.003566
0.020371
0.021684
-0.028329
-0.019761
-0.009572
0.022391
-0.069491
0.082272
-0.019415
-0.020268
0.004175
0.016821
-0.008248
-0.002653
0.016488
-0.030342
0.014387
0.034129
0.014849
0.021482
-0.003820
-0.047857
0.018081
-0.028497
0.009040
-0.002202
-0.015695
-0.037624
0.017259
0.125825
0.001908
0.031967
-0.005100
-0.000944
0.034342
0.019644
0.016010
0.002382
0.019327
-0.022407
-0.043787
-0.009300
0.024209
0.012790
-0.067926
-0.017178
-0.019113
-0.006738
-0.017463
-0.006571
0.012352
-0.023667
-0.004092
0.057493
0.029678
-0.021143
0.042602
-0.060294
-0.014802
-0.020456
0.016616
-0.020017
0.004846
-0.013284
-0.012278
0.016580
-0.002254
-0.060663
-0.034460
-0.049300
-0.005532
0.000293
0.030479
0.005318
0.019235
0.023002
-0.011740
-0.023436
-0.015325
-0.037092
0.004153
0.016104
-0.026006
-0.034337
-0.019759
0.003323
-0.017605
0.022426
-0.036679
0.021027
0.013205
-0.019146
-0.044833
0.016127
-0.048464
0.020409
-0.023170
0.009981
0.027503
-0.005669
0.007646
-0.026266
-0.033789
0.061924
-0.022195
0.030609
-0.020371
0.010413
0.008584
-0.037161
0.062126
0.010366
-0.004493
-0.011018
0.018968
0.050250
-0.013095
0.021951
-0.014908
-0.005439
-0.017271
0.036655
0.142757
-0.001131
-0.018293
0.026876
0.020512
0.018436
0.006781
0.054793
0.042152
0.014930
0.015024
0.000740
0.007200
0.031469
0.026424
-0.060934
0.076554
0.027997
-0.019210
0.029268
-0.017724
0.008047
0.035190
0.054352
0.022666
-0.020931
0.019348
0.011748
-0.022252
-0.006613
-0.023809
-0.021713
-0.022920
0.027456
-0.014032
0.009758
0.036418
-0.015560
0.012711
0.020432
0.002996
0.010434
-0.015742
-0.024077
0.040725
0.003578
-0.044986
0.003862
-0.004664
-0.002868
0.056792
0.015073
0.025882
-0.022977
-0.007348
-0.024391
-0.162079
0.031226
0.022192
-0.046951
-0.199538
-0.019645
0.058188
-0.019518
-0.006686
-0.030219
0.044368
0.009320
0.012968
-0.055411
0.103172
0.056233
-0.015818
0.029116
-0.044491
0.002706
-0.002929
0.014767
0.030101
0.026439
-0.003764
0.018791
0.016021
0.011158
0.021673
0.013083
-0.076546
-0.004387
0.071627
0.001689
-0.026315
0.042674
0.064473
-0.046031
0.001322
-0.015707
0.005711
0.010746
0.018061
0.025460
0.012082
0.046048
0.004538
-0.012987
-0.002023
-0.201595
0.009884
-0.020854
-0.026052
0.005664
0.005938
0.005410
0.014202
-0.021513
-0.046249
-0.018885
0.029491
-0.003917
0.006917
-0.036465
0.024356
0.008475
0.044124
0.010554
0.013481
0.004240
0.030468
0.002387
0.022945
0.010369
-0.028591
0.009128
0.031962
-0.018734
0.021081
-0.055118
-0.008960
-0.007549
0.021764
-0.045274
0.022474
-0.067150
-0.001248
0.035847
0.007419
0.009778
-0.116145
0.015035
-0.002808
-0.139488
-0.031142
-0.008947
0.010494
-0.026825
-0.003261
-0.004363
0.034711
0.019687
-0.034579
0.033491
-0.015090
0.033485
-0.013673
-0.074811
-0.007639
-0.000520
-0.012575
0.001691
0.008336
0.016161
-0.035160
0.064134
-0.018540
-0.018516
-0.016326
0.024969
-0.023488
0.005617
-0.018513
0.009462
0.014163
0.014180
-0.010571
0.010688
0.023867
-0.011345
-0.043266
0.010588
0.021984
0.013012
-0.102610
0.026098
-0.040670
-0.004622
0.011825
0.027915
-0.006701
0.035348
-0.097667
-0.032049
-0.012996
-0.012724
-0.011549
-0.005091
0.036077
0.019889
0.004875
-0.022878
-0.019108
0.006519
0.008383
-0.021935
0.017333
0.041757
-0.016142
-0.000919
-0.042740
-0.013158
0.011791
-0.014755
0.007072
-0.023313
0.036635
-0.005786
-0.020862
-0.016823
-0.028679
0.019371
-0.013864
-0.023683
0.008687
0.007862
-0.012451
0.018928
0.040648
-0.017979
0.016306
-0.007778
-0.013625
-0.013382
0.023757
0.021129
0.061203
-0.020671
-0.029854
0.008807
-0.015505
-0.073107
0.018272
-0.023811
0.021056
0.022696
0.013181
-0.017456
-0.039412
0.013856
-0.034417
0.047661
0.077457
-0.003976
0.016597
-0.002286
0.017809
0.016308
0.015371
0.022303
0.013737
0.017583
0.006832
0.014752
-0.044479
-0.006761
0.015334
0.014219
0.003156
-0.015830
-0.001267
-0.005738
0.008507
-0.000569
-0.019017
0.025651
-0.509059
-0.011357
0.074062
0.014569
0.100270
-0.024091
0.021292
0.034829
0.010970
0.025528
-0.020490
-0.001260
-0.063357
0.033730
-0.030357
-0.028253
0.000371
0.021355
0.016073
-0.028398
0.022923
-0.002785
0.005553
0.010961
0.005324
0.043757
0.043008
0.006241
0.013156
0.026475
0.019433
0.029551
-0.026152
0.017870
-0.000201
-0.015286
0.012441
-0.017432
-0.018583
-0.021448
-0.031241
0.043390
-0.014092
0.006217
0.032661
0.003181
-0.011500
0.002262
-0.003490
0.031390
0.005543
-0.045863
0.017565
-0.046091
-0.021465
0.044833
0.012709
-0.027252
0.018349
0.016420
0.002282
-0.025712
-0.039886
0.031244
0.009751
-0.011923
0.079587
0.014451
-0.014339
-0.018620
-0.015295
0.027988
-0.047314
-0.010680
-0.013538
0.055293
0.020496
0.044640
0.005572
0.021716
-0.019220
0.012113
0.184196
0.044014
-0.000921
-0.218369
-0.027756
-0.027691
0.136181
-0.008938
0.021346
0.043347
-0.013908
-0.015715
0.004086
0.019571
0.003311
-0.008245
-0.000477
0.043035
-0.026757
-0.002683
-0.022518
0.022454
0.028378
-0.034265
-0.051027
-0.029519
-0.041515
-0.005770
0.005411
-0.060557
0.013585
0.006954
0.017845
0.040631
0.004229
-0.041066
0.010619
0.053089
0.023015
0.009426
0.003879
0.036323
-0.009790
0.014715
-0.012613
0.028891
0.009318
0.045865
0.024599
0.023578
0.013476
0.027773
0.059277
0.022524
0.023538
0.010660
0.012231
0.011433
-0.028155
-0.009818
-0.000043
-0.036840
-0.007580
0.005161
0.004480
-0.032049
0.007567
-0.002104
-0.012545
-0.039320
0.029127
0.028617
-0.020793
-0.015270
0.024337
0.002824
-0.011928
0.008658
-0.039455
-0.009452
-0.013899
-0.029166
0.032309
0.040095
-0.017508
-0.031328
-0.005579
0.018340
-0.018028
-0.021925
0.015221
0.020266
-0.018258
0.022242
-0.011712
0.066814
0.057178
0.010350
0.041457
-0.018588
-0.053660
-0.046493
-0.041663
0.010158
-0.037436
0.058334
0.014519
0.248085
-0.008318
-0.014314
-0.055994
-0.038482
0.011138
-0.009427
0.022713
0.022154
0.022596
0.006878
-0.040029
0.029101
-0.003929
-0.017026
-0.003621
-0.010270
0.014603
-0.021475
0.087396
-0.005133
-0.013750
-0.022114
-0.100394
-0.050131
-0.051037
0.056090
-0.010793
0.012461
0.021145
-0.027074
0.008596
0.012721
-0.014415
-0.011363
0.013778
0.281363
-0.000958
0.075348
0.046358
0.029490
0.003152
-0.008414
-0.024458
-0.017909
-0.006292
0.034877
0.033725
-0.099662
-0.052074
-0.004109
-0.045203
0.015100
-0.053740
0.015479
0.017557
0.000537
-0.020618
-0.007072
0.063037
0.020090
-0.001095
-0.061374
0.022078
0.007330
-0.091766
-0.012374
-0.022705
0.012026
-0.045316
0.005327
0.017549
-0.016860
-0.011850
-0.031997
0.000397
0.022327
-0.003510
-0.054932
0.019941
0.008573
0.003350
-0.001914
-0.096079
-0.015039
0.011701
0.012400
0.017603
-0.015924
-0.019436
-0.008525
-0.015328
0.046869
-0.015681
-0.020900
-0.036340
-0.036257
-0.033913
0.025189
-0.260768
-0.016268
0.028929
0.016099
0.034281
-0.006014
0.020154
-0.015474
0.028936
0.036080
-0.006844
0.014249
0.012482
0.053984
-0.061807
0.029237
-0.038836
-0.004617
0.024471
0.017375
0.018401
0.012521
-0.021229
-0.022363
0.007124
-0.034441
0.012837
0.013014
-0.015503
-0.070639
-0.028190
0.077566
0.015055
-0.010293
-0.029458
0.013422
-0.026027
-0.020908
0.030204
0.029891
0.016088
-0.013343
-0.013347
-0.048092
0.029174
0.004823
0.007409
-0.014494
-0.014317
0.008704
0.022132
0.031585
0.100222
0.005543
0.000749
-0.033330
0.020973
0.013245
0.032783
-0.027921
-0.102417
-0.018788
0.008950
-0.002172
0.000226
-0.021997
-0.129398
-0.035449
-0.045996
-0.011725
-0.017979
-0.103331
-0.001679
-0.040302
0.013826
0.026290
-0.018733
0.012693
-0.007500
0.038164
0.026969
0.024075
0.088607
-0.023202
-0.005037
0.018221
0.019373
0.049617
0.021738
-0.006011
-0.053434
0.006262
-0.008692
0.021856
0.004139
-0.017137
0.022080
-0.027862
0.025949
-0.017261
-0.018410
0.047154
0.010832
0.028034
0.026383
0.027590
-0.015690
-0.041195
0.011119
-0.019285
-0.017605
0.052331
-0.019553
-0.023490
-0.008038
-0.020212
0.027595
0.054773
-0.042472
0.010514
0.075114
-0.065522
-0.035522
-0.051583
0.017976
-0.012655
0.023588
0.019157
-0.015181
0.015771
0.002553
-0.019890
-0.035303
0.005055
0.017145
0.020239
-0.024229
-0.018239
0.029874
-0.029856
-0.008003
0.023519
-0.020879
0.020630
0.030689
0.042100
-0.008787
0.040445
-0.017244
0.011273
-0.038906
0.043714
-0.025822
0.010706
0.015969
-0.054939
0.023922
0.011658
0.013819
-0.018014
-0.003895
-0.028644
0.008452
-0.006139
0.018963
0.020017
-0.023676
0.018962
-0.069188
0.026094
0.029452
-0.104422
0.020120
0.012616
0.020675
-0.006493
0.014944
-0.009026
0.018335
0.045550
0.013759
-0.007195
0.022404
-0.040001
-0.018056
-0.011446
0.022702
-0.009711
-0.008481
0.051789
0.014240
0.010181
-0.036889
-0.011454
-0.019646
0.023439
-0.030515
0.008532
0.004211
-0.029387
0.011875
-0.081132
-0.030012
0.037652
-0.026449
0.004229
-0.010199
-0.003671
-0.025195
-0.023828
0.001116
0.000643
-0.047872
-0.027033
-0.006739
0.005077
0.018297
-0.010209
0.061889
0.004861
-0.025451
0.004687
0.012493
0.007225
-0.017426
0.026507
-0.010110
0.011073
-0.021951
0.024476
0.006941
-0.001376
0.009667
-0.031083
0.001226
0.025641
-0.005964
-0.012546
-0.043704
-0.002167
-0.011036
-0.005391
-0.023942
-0.014441
0.007799
0.010486
-0.014499
0.026644
0.000028
-0.031081
0.019985
0.010684
-0.015715
0.007465
0.006383
-0.062605
-0.020097
0.045554
0.000793
0.011931
0.003803
-0.004242
0.020762
-0.025420
-0.013997
-0.018106
0.011147
0.000217
0.018680
0.020137
0.034986
0.036544
0.016836
0.017237
-0.009717
0.018355
0.013868
0.000385
-0.080210
-0.004651
0.012556
0.002901
-0.025944
-0.001900
-0.011254
0.011293
-0.010685
0.115686
0.020728
0.021912
0.024758
0.034004
-0.043473
-0.024649
0.019012
0.010850
0.030795
-0.019438
0.011195
-0.054139
-0.002177
0.012232
0.022217
-0.043225
-0.013213
0.027946
0.009920
0.008119
-0.004381
0.075324
0.016812
0.009135
-0.019874
0.012761
-0.025835
0.000957
0.046585
0.080891
0.065382
0.012363
0.007385
0.003965
-0.026128
-0.007705
-0.042640
-0.003954
-0.008295
-0.024146
0.025247
0.013355
0.009225
0.025107
-0.015228
0.004861
0.023242
-0.020737
0.060139
0.033099
-0.010728
-0.033934
-0.011627
-0.032606
0.019486
0.012717
0.002399
0.056969
0.007057
-0.036150
0.003549
0.019525
0.007086
-0.007496
-0.011347
0.022345
0.041002
0.014082
0.040018
0.103702
0.011468
-0.014475
-0.032249
0.029587
-0.007140
-0.010550
-0.003957
-0.001761
0.010113
-0.006996
0.049025
0.049433
0.027890
-0.007409
-0.006656
0.007078
-0.028197
0.055408
0.012102
0.007533
0.017172
-0.027820
-0.049342
0.035501
-0.029387
0.018603
0.128048
-0.015650
0.014577
0.016420
0.020087
-0.015580
-0.050283
-0.038608
0.015811
-0.017803
0.029875
-0.013344
-0.013601
0.017133
0.024942
-0.005283
0.038220
0.009908
-0.022879
-0.008133
-0.018892
-0.027960
0.039987
0.027016
0.032136
0.043414
-0.017209
0.014654
-0.008726
0.014822
-0.023587
-0.034667
-0.031055
0.022639
0.025826
0.026932
-0.028837
0.006062
0.013218
0.039524
0.000052
-0.056345
0.059471
0.016178
0.009738
-0.002478
0.189881
-0.022173
-0.039381
-0.014887
-0.013459
0.022386
0.075739
-0.083134
-0.028782
0.015388
0.089271
0.009446
-0.044441
-0.019442
0.022333
-0.007183
0.000302
-0.051800
0.046086
-0.003319
0.014858
-0.001752
-0.017379
0.022120
-0.011348
-0.008892
-0.001337
0.017432
-0.004703
-0.001386
0.029956
0.007149
-0.019142
-0.002128
0.031823
0.034108
0.010911
0.068546
0.022151
-0.007082
0.028725
-0.033176
-0.011315
-0.001531
0.014456
-0.008456
-0.003196
0.001350
0.031727
-0.029075
-0.001989
0.015622
0.029139
-0.039228
0.006085
-0.030965
0.023277
-0.012049
-0.118849
-0.004699
0.010183
0.009099
0.010330
0.016021
-0.244751
0.000853
-0.045867
-0.003229
-0.012042
0.029799
0.018875
0.030237
0.006985
-0.013271
0.001677
-0.025857
0.072199
-0.004831
0.045094
0.029539
0.037608
-0.005809
-0.020080
-0.009297
0.004061
-0.288092
-0.008210
-0.096106
0.016557
-0.049009
0.052131
0.002711
0.011227
-0.022878
-0.005551
0.003537
-0.015213
-0.007925
-0.012488
0.011083
-0.015631
0.005856
0.013009
0.012847
0.010555
0.017021
-0.013470
0.012676
0.050150
0.011773
0.008230
0.051270
0.019124
-0.000093
-0.068390
0.022815
-0.027963
0.037645
0.072815
0.020221
0.005037
0.046456
0.016926
0.019061
-0.001387
0.071296
0.011678
-0.011546
0.029709
-0.041505
0.021661
0.016217
0.004471
-0.016031
-0.017122
0.002012
0.018399
-0.074660
-0.050185
-0.083350
0.022349
0.018228
-0.016293
0.019856
-0.004374
-0.009733
0.017424
0.010707
0.003075
0.007728
-0.008183
-0.018511
-0.013612
-0.042772
-0.040483
0.001072
-0.020097
0.019872
0.007173
0.025679
-0.056367
0.009835
0.074792
-0.030815
-0.009352
0.049660
0.010919
-0.034548
-0.022766
0.015272
-0.001233
0.042837
-0.010701
0.014222
0.033258
0.026526
0.018117
-0.013347
0.036135
0.024727
-0.029564
0.024267
0.015406
0.024862
0.035815
0.014589
-0.060003
0.008499
-0.011136
0.046927
-0.015157
0.041464
0.023509
-0.012909
0.032322
-0.011995
0.015106
0.004166
-0.067881
0.019362
0.001672
-0.021294
0.043360
-0.014297
-0.056001
0.012725
0.017340
-0.051988
0.039989
0.133243
0.074372
-0.014631
-0.013222
-0.015971
-0.028189
-0.016309
-0.019975
0.013962
-0.019459
-0.035323
0.001200
-0.002223
-0.010469
0.003105
0.008027
0.019831
-0.005484
-0.004585
-0.006383
0.029045
-0.015554
0.024159
-0.001508
0.015458
-0.028632
-0.024184
0.253193
-0.009611
-0.017754
-0.051098
-0.016540
0.033801
-0.099150
0.007458
0.016119
0.035726
0.016710
0.004480
-0.046951
0.001552
-0.012873
-0.028410
0.006929
-0.022698
0.010477
0.013160
-0.034499
-0.020814
-0.015091
0.004058
0.016691
-0.023772
-0.024851
0.007112
0.015451
-0.005889
-0.031148
0.000851
-0.060150
-0.015004
0.009920
-0.027092
-0.029701
0.000262
0.031432
0.004466
-0.029032
0.022726
0.005638
0.026029
-0.027431
0.062428
0.020460
0.030677
0.062584
-0.025571
-0.006459
0.012513
-0.025147
-0.052586
-0.029004
-0.005880
-0.028002
-0.066141
-0.011442
-0.017471
-0.000662
-0.015119
-0.010029
0.000273
0.016140
0.013425
0.007733
0.016619
-0.034689
0.001293
0.009333
0.057908
-0.018171
0.009679
-0.007920
-0.046919
-0.025521
-0.040179
0.003779
-0.052652
0.015945
0.005909
-0.058939
-0.014219
0.014700
-0.000263
-0.001069
-0.025945
0.016599
0.004713
0.042626
0.077314
-0.075857
0.006188
0.017300
0.037442
0.014935
-0.027709
-0.022475
-0.003392
0.011992
0.023548
-0.074382
0.018312
-0.021677
0.012531
-0.012493
-0.008575
-0.043036
-0.032122
0.006339
-0.016804
-0.009382
0.001392
-0.021994
-0.041594
-0.012412
-0.038439
-0.021656
0.009270
-0.010650
-0.041193
-0.030593
0.148241
0.012918
0.005881
-0.027134
-0.005806
0.022571
0.001991
-0.139532
-0.014210
-0.022978
0.011402
-0.003195
-0.025239
0.014205
0.040070
-0.007174
-0.046510
-0.036300
-0.001373
-0.012235
-0.017845
-0.039048
-0.018500
0.011459
0.030690
0.028132
0.012523
-0.023932
-0.000232
0.013914
-0.001752
-0.000887
0.029093
-0.014716
-0.056127
0.010396
0.027955
0.037726
0.005432
-0.015232
0.043222
0.023008
0.007595
-0.031785
-0.006858
0.015390
0.013426
0.017226
0.006828
0.007468
0.016176
0.020733
-0.030469
-0.007702
0.010791
-0.016575
0.072380
-0.002582
-0.025299
0.037175
0.027608
-0.017458
-0.022457
-0.037742
0.021297
-0.006795
-0.102888
0.010572
0.006700
0.053629
0.026499
-0.011197
0.008251
0.015466
0.060170
-0.034214
-0.019188
-0.008640
0.018370
-0.306206
0.024302
-0.072640
-0.080448
-0.005886
-0.017792
0.032899
0.014117
0.004897
-0.001139
0.015133
0.008629
-0.012362
0.060408
-0.016300
0.017427
-0.031824
0.010876
0.015879
-0.011431
-0.011612
-0.003611
0.009887
0.002936
-0.034675
0.015303
0.010465
0.022276
0.019328
0.034959
0.015307
-0.019090
0.011038
0.011969
0.010799
-0.012788
-0.004903
0.000711
0.314228
-0.183847
0.025217
0.019993
0.011444
-0.011731
-0.001713
0.052691
0.001707
0.050654
0.000797
-0.051426
-0.051897
0.024201
-0.004861
0.040200
0.014505
0.016317
0.011211
-0.047676
0.015034
0.024092
-0.003101
0.028797
-0.005199
0.030477
0.033715
-0.002234
0.013757
-0.043483
-0.072203
-0.004121
0.016076
-0.029030
0.020312
-0.010190
0.023780
-0.032478
0.003895
-0.017833
0.014638
-0.023110
-0.038763
-0.012972
0.022712
-0.014455
0.005247
-0.042305
-0.036265
0.099297
0.028718
-0.027795
0.009961
0.010916
0.029465
0.004270
-0.015396
-0.008674
0.012474
0.037396
0.003061
0.023454
-0.029416
-0.081406
-0.043137
0.018232
-0.028761
-0.036309
-0.035678
-0.015973
0.018860
-0.003223
0.046276
-0.019130
0.003956
-0.007380
-0.029122
0.019769
0.003552
-0.021922
-0.021549
-0.041854
0.012152
0.001145
-0.023150
0.017337
0.008674
0.005310
-0.034994
-0.014406
0.007139
0.036939
-0.022993
0.038294
0.005252
0.036278
0.021106
-0.001720
0.175294
-0.013662
0.043510
-0.005647
-0.007037
0.080897
-0.071804
-0.009298
0.028058
-0.018863
0.008936
-0.100056
0.011850
-0.041182
-0.035084
0.006218
-0.024082
0.000450
-0.031201
-0.018269
0.017710
0.029982
0.048893
0.020251
-0.004792
0.023124
0.004001
0.001397
-0.016260
0.018351
0.060724
-0.027684
0.002441
-0.029148
-0.009789
0.015791
-0.063493
-0.020838
-0.006460
0.027299
-0.039918
-0.011941
0.026226
0.012554
0.022826
-0.001012
-0.020618
0.013388
0.022341
-0.009122
0.011556
-0.001460
0.018882
0.000918
-0.048953
-0.010011
0.016745
0.006881
0.010071
0.013385
0.042434
0.072101
0.020673
0.035974
-0.004397
-0.178059
0.031102
-0.016692
0.017952
-0.019469
-0.014996
0.045604
0.016581
0.017634
0.092644
-0.081995
-0.013616
0.031099
-0.009656
0.016797
0.018801
0.139090
0.016493
-0.001330
-0.020802
-0.009030
-0.043625
0.015602
-0.032245
0.027728
0.034784
-0.019501
0.027937
0.181172
0.029599
0.014035
-0.053009
-0.022668
-0.014303
0.016143
0.013309
0.023936
-0.019905
-0.022671
-0.004767
-0.002711
-0.012788
-0.018710
0.019295
-0.028785
-0.008321
-0.003955
-0.026601
0.019032
0.024205
-0.010098
-0.001021
0.009627
0.002209
-0.024792
0.016351
0.018782
-0.012673
-0.018317
0.018470
0.011342
0.025153
0.022135
0.021931
0.007944
0.015518
-0.017679
0.014279
0.025895
0.008960
-0.031569
0.035408
-0.031418
0.010872
0.000859
-0.014288
-0.006302
-0.114483
-0.018104
0.004739
0.003501
0.017232
-0.009825
0.045360
0.002151
0.020095
-0.006993
-0.021835
-0.012756
0.005215
-0.048102
0.026386
0.002900
-0.011543
-0.015069
0.002181
0.004940
-0.034007
0.023354
0.023557
0.004772
0.028860
-0.013202
0.020587
0.038697
-0.026567
0.018277
0.055733
0.018500
-0.014662
0.003993
0.038415
-0.083237
0.016984
-0.021622
0.015599
-0.042844
-0.003569
0.020617
0.011392
-0.010996
0.041779
0.018825
-0.065358
0.002899
0.001416
-0.007118
0.027441
-0.015126
0.008764
-0.012373
0.027725
0.012836
0.053021
-0.028559
0.003746
0.016378
0.069170
0.032883
-0.000140
0.028791
-0.059446
-0.028390
0.005472
-0.023935
-0.007980
0.013902
0.032501
0.024436
-0.028720
-0.000724
0.010599
-0.010645
0.005895
-0.032421
0.018073
0.016755
0.016264
0.043169
0.039947
0.009846
-0.023251
-0.108341
0.018717
-0.014061
0.023950
0.008836
-0.090271
0.013932
0.021432
0.072896
-0.027193
-0.024223
-0.011530
0.011591
-0.015046
-0.017951
-0.014407
-0.009595
-0.016057
0.024785
0.039859
0.019094
-0.000648
0.013655
0.012512
-0.003133
-0.054838
0.011730
0.025793
-0.008879
-0.014216
-0.111476
0.046793
0.001541
-0.005043
0.020410
0.003487
-0.047772
-0.038097
-0.023154
-0.026706
0.015654
-0.041088
0.017023
-0.016147
0.029113
0.009755
0.013730
-0.065213
-0.004009
0.028364
0.022896
0.000160
0.017284
0.013163
-0.014687
0.033048
0.010545
-0.008248
0.025136
-0.051379
0.009089
-0.008545
0.001680
-0.097959
-0.016685
-0.021041
0.020546
0.016928
-0.017882
0.010577
-0.003398
0.033591
0.000919
-0.025285
-0.009003
-0.158139
0.008764
-0.023498
-0.027266
-0.005247
0.004916
0.009072
-0.006374
0.021782
0.011650
-0.014094
0.038632
-0.007345
-0.035210
-0.077363
0.024289
0.008367
0.032020
-0.028276
-0.018695
-0.024370
0.043883
-0.010568
-0.021337
0.015219
-0.029454
-0.072752
-0.042186
0.004382
0.022315
0.050164
0.012227
-0.039084
-0.010399
0.031324
-0.301289
0.021281
0.033807
-0.005469
-0.037431
0.005203
0.008258
0.028369
0.029575
0.013991
-0.018425
-0.031579
-0.043781
-0.013863
-0.017226
0.263022
-0.012961
0.000068
0.012914
-0.024293
0.002256
0.024531
0.027039
0.087778
0.016588
-0.064141
0.026929
0.003547
0.009868
0.017945
0.005716
0.031614
0.011911
-0.022699
0.020442
-0.005003
-0.053175
0.011701
-0.011143
-0.076080
0.000648
0.039543
-0.011193
0.004668
-0.012399
0.004742
0.012680
0.011314
-0.025172
-0.006872
0.017465
-0.045981
-0.014933
0.021143
0.016358
0.022594
-0.012912
0.001613
0.009174
0.031957
0.009542
-0.040441
0.014072
-0.012954
0.002654
0.084369
0.044989
-0.366105
-0.553527
-0.011972
0.009594
0.006111
-0.009641
-0.041098
0.020979
0.013744
-0.896469
0.011240
-0.006337
-0.004614
-0.004723
0.017648
-0.012901
0.014339
0.004588
0.014267
0.009322
0.018097
0.000148
0.003296
-0.004102
-0.013252
0.108714
0.012426
0.027560
0.010584
-0.032911
-0.010901
0.008333
-0.039491
0.101213
0.022814
0.041140
-0.006679
-0.000213
0.024581
-0.039266
-0.048817
-0.009802
-0.085538
-0.013286
-0.014423
0.003987
0.007737
-0.009882
-0.016930
-0.017877
-0.019325
-0.068724
0.019785
0.000941
-0.011407
0.029203
-0.002488
-0.022099
0.022334
0.020999
-0.052088
0.002776
-0.019540
0.006595
0.010113
-0.020647
0.048654
-0.001272
-0.012187
-0.028691
0.022013
-0.023623
0.014902
0.015804
-0.041219
0.008332
0.015711
0.043582
-0.015885
-0.013915
-0.022034
0.021384
-0.009604
0.083084
-0.000169
0.032069
-0.011747
-0.031436
0.011700
0.040941
-0.018680
0.036717
-0.040501
-0.007697
-0.015072
0.047879
-0.016834
0.027447
0.069920
-0.075244
-0.023157
0.019459
-0.006740
-0.015082
-0.061620
-0.001970
0.004935
0.037144
-0.014143
0.036233
0.014418
-0.021595
-0.012027
0.031381
0.030182
0.063686
-0.041087
-0.024467
-0.030505
-0.077845
0.007282
-0.006417
0.000013
-0.034804
-0.007128
-0.017001
0.012122
0.022810
0.007299
0.004441
-0.045365
-0.000633
-0.105415
-0.000722
0.018551
-0.071799
-0.053357
0.001150
0.017484
0.031903
0.017618
0.015538
0.028953
0.002168
-0.022247
-0.006996
-0.009248
-0.010519
0.035322
-0.002513
0.022329
0.027376
0.012942
0.031845
0.008025
-0.008658
0.000292
0.006397
-0.030827
0.004049
0.010989
-0.000193
-0.037328
0.057300
0.017691
0.020485
0.001474
0.013576
0.025408
-0.026180
0.025318
-0.011357
-0.024595
0.013945
0.004234
0.003005
0.032242
-0.004266
0.017200
0.031874
-0.019075
0.012511
0.001070
0.010896
-0.017389
-0.017866
0.037841
0.020872
0.016976
-0.022100
0.015916
0.015442
-0.000305
-0.060442
-0.014869
-0.022953
0.002889
0.069644
-0.006233
0.002331
0.010193
0.011363
-0.004115
0.053042
-0.009406
-0.020536
-0.085015
0.008108
0.014049
0.042294
0.020633
0.004321
0.014276
0.043539
0.017244
0.025909
-0.024049
0.005999
-0.028669
-0.010274
0.032308
0.020358
0.033068
-0.000418
0.011031
-0.033462
-0.037604
-0.016643
-0.010806
0.026330
0.024327
-0.020511
0.060098
-0.006359
0.007205
-0.026705
0.121044
-0.038852
-0.022732
0.022620
-0.015106
-0.000796
0.022251
-0.038541
0.050675
0.002661
0.016077
0.008990
0.003676
-0.017577
0.012029
0.016676
-0.049347
0.010443
0.024098
-0.002602
0.094847
0.016058
0.002185
-0.010023
0.018711
0.002183
-0.004260
-0.000533
0.023040
0.012820
-0.010717
-0.025505
0.025859
-0.016599
-0.016493
-0.023661
0.017132
-0.187188
0.010562
-0.013510
0.011107
-0.015151
-0.030346
-0.043559
-0.014151
-0.021547
-0.014325
-0.015465
-0.034842
-0.009320
-0.023994
0.034309
-0.000912
0.024409
-0.012860
0.016118
0.018223
-0.016036
0.065056
0.026200
-0.258404
-0.038704
0.173567
0.016876
0.032459
0.042057
-0.013761
0.009341
0.029539
0.089575
0.024396
0.010224
0.004966
-0.020352
-0.001806
-0.012813
0.051017
-0.019781
0.023390
-0.016621
-0.043173
-0.052607
-0.033800
-0.012775
-0.005357
-0.014823
0.019893
-0.077498
-0.011339
0.001543
0.020765
0.002397
-0.050398
0.017610
0.034744
-0.000122
-0.050182
0.026398
0.016071
0.007072
0.011902
-0.128451
-0.017257
-0.036631
0.020444
0.018703
0.038399
0.168717
0.146096
-0.014081
0.027302
-0.000640
-0.010413
-0.009655
-0.154873
-0.033452
-0.004872
0.031002
-0.018244
-0.029892
-0.024530
-0.015794
-0.007315
-0.028046
-0.020962
-0.005617
-0.007559
-0.007198
-0.007981
0.000573
0.016081
0.009089
-0.020085
-0.052483
-0.007600
0.053069
-0.005010
-0.009374
0.053803
-0.068195
-0.002854
0.018088
0.025411
-0.025821
0.036692
0.041281
-0.015223
0.001554
0.005725
0.056268
0.034679
-0.033168
0.002340
0.033315
0.030096
-0.001908
-0.036686
-0.003311
-0.018278
-0.024969
-0.023912
-0.057508
0.047493
-0.010561
0.024063
-0.014158
-0.001484
-0.004554
0.023355
-0.000079
0.048467
0.009435
0.022495
-0.012560
0.038886
0.018352
-0.004124
-0.012049
0.055799
0.064672
0.017002
0.009801
-0.001401
0.005724
0.004368
-0.012011
-0.021128
0.002550
-0.010433
-0.041811
0.009034
0.009497
0.051553
0.010517
0.009156
0.008343
0.026952
0.050918
0.012768
0.028168
0.051511
0.010362
-0.031127
0.049990
0.007166
0.000631
-0.021537
-0.013625
0.007873
-0.012132
-0.014360
-0.041894
0.030062
-0.028141
0.009929
0.035011
0.023327
0.000344
-0.057926
-0.085915
-0.024097
0.003827
0.038262
0.009029
0.019846
-0.048705
-0.130166
0.025902
0.078575
-0.026536
0.022657
-0.008987
0.007346
-0.004789
0.040195
-0.019423
0.063308
-0.010000
0.023770
-0.006837
-0.010493
-0.016377
-0.023188
-0.018379
0.003262
-0.000529
0.005433
0.001400
-0.002682
0.041109
0.094460
0.089436
0.008943
0.002280
-0.001284
0.021600
-0.093771
-0.007262
-0.020230
-0.003211
0.010574
0.025774
0.011301
-0.017672
0.051648
0.004490
0.005538
-0.084018
-0.007838
-0.134018
-0.046370
0.023932
0.002917
0.007259
0.010589
-0.004455
0.012393
-0.007872
0.025175
-0.057484
0.030516
0.007101
0.017409
-0.016728
-0.012538
-0.024007
-0.002814
0.040800
0.003951
-0.012646
0.002957
-0.005001
0.056605
0.018365
-0.007823
0.011984
-0.053716
-0.018935
-0.024981
-0.040249
-0.001325
0.050015
0.012831
0.014564
-0.012655
0.025775
0.001391
0.024446
-0.023827
-0.022684
-0.017575
0.004324
-0.039560
0.003328
0.031037
-0.002732
-0.017091
0.042681
0.022584
0.008414
0.004462
-0.034425
0.049037
0.007146
0.006341
0.011086
0.012325
0.037884
0.036323
0.018011
-0.018423
0.010243
-0.015724
0.014569
0.003185
0.013020
0.013482
-0.019160
-0.019982
0.046688
0.013311
-0.018723
0.019152
-0.020676
-0.017788
-0.025042
0.002615
0.026730
0.031230
-0.022826
-0.028828
-0.034235
-0.047979
0.004725
-0.010527
0.032147
0.089242
-0.003872
-0.022741
-0.015855
-0.005316
-0.026272
0.025291
-0.068661
0.012774
0.041393
-0.013191
-0.015450
-0.000525
-0.046129
0.030363
-0.002030
0.051733
-0.042795
0.021362
0.008448
-0.011380
-0.068514
0.023569
-0.041197
-0.014147
0.001869
-0.030339
0.004628
-0.047414
0.018491
-0.003034
0.028187
0.011438
0.021078
-0.019369
0.024507
0.018641
0.002492
-0.009988
-0.027180
0.016190
0.004903
0.004032
0.025530
0.009827
0.008849
-0.042671
-0.014191
-0.021264
-0.023505
-0.036256
0.014719
-0.031011
-0.026363
0.009006
0.033190
-0.048355
-0.018172
-0.061690
-0.018174
0.005524
0.028114
0.018495
0.031868
-0.066230
0.040851
-0.038608
0.003791
-0.021473
0.024235
0.021261
-0.034038
0.009985
0.028029
0.039751
-0.022022
0.086237
-0.049902
-0.033876
0.125787
-0.019220
-0.008289
-0.013468
0.004588
-0.012304
-0.013191
-0.029400
-0.018587
-0.013649
-0.014487
0.033422
0.010545
-0.126036
-0.024488
0.033089
-0.009023
0.000111
0.024556
-0.006009
0.020108
0.015643
0.023514
-0.015661
0.005710
-0.001409
-0.021674
-0.004776
0.072909
-0.019483
0.038671
-0.013279
-0.004414
0.007459
-0.024120
-0.014940
0.016423
-0.096641
0.019366
0.007524
-0.032289
-0.176335
-0.039679
0.019801
-0.004020
-0.132477
0.023944
0.021837
0.033667
-0.016707
-0.207539
-0.010090
-0.011805
-0.017148
0.003120
0.010212
-0.019120
-0.011596
-0.009267
-0.016084
-0.023982
0.020021
-0.006537
0.042074
0.016620
0.029612
0.032653
-0.024193
-0.034891
0.003871
-0.030390
0.013111
-0.001096
-0.036855
0.015711
-0.006254
0.008238
0.002056
-0.004699
0.008023
0.010960
0.009299
-0.013226
-0.010791
0.030485
-0.016394
-0.011467
-0.008970
-0.003399
0.031205
0.008488
-0.012843
-0.067951
-0.000697
0.018313
-0.045279
0.007800
0.012990
0.007468
-0.008482
0.016558
-0.005355
0.019457
-0.015287
-0.031734
-0.000499
-0.007566
-0.005233
-0.018653
0.008575
-0.011118
-0.016645
-0.021253
0.028092
-0.018283
0.028520
-0.022401
-0.022573
-0.035616
0.014353
-0.008976
-0.013775
0.014564
-0.014059
0.042248
-0.030540
0.012048
-0.031506
0.017708
0.004669
0.005189
-0.016018
0.011235
-0.015545
-0.018308
-0.031771
-0.042142
-0.113906
0.027276
-0.029630
-0.176228
-0.006330
0.001518
-0.003952
-0.027808
0.026823
0.003780
-0.020714
0.026507
0.008318
0.009713
-0.012542
-0.042341
-0.068270
0.009296
-0.008594
0.121223
-0.025522
0.021879
-0.012634
-0.022456
0.004229
0.021213
0.015006
-0.033751
-0.011758
-0.053407
-0.017023
-0.002659
-0.008770
-0.017220
-0.045354
-0.013410
0.032070
0.029477
0.011477
0.023794
0.010338
0.025110
-0.002162
0.024766
-0.018951
-0.039393
0.019575
-0.018211
0.003890
-0.009296
-0.002262
0.032207
-0.009824
-0.016523
0.003976
0.006892
-0.069123
-0.005875
0.021451
0.010426
-0.017022
0.059386
-0.069308
-0.013960
-0.022387
-0.020714
0.025824
0.040938
0.007590
-0.017660
-0.015449
0.006964
0.007152
-0.015879
0.001035
0.008791
-0.029713
0.037874
0.011952
0.029643
-0.023841
-0.019016
0.062344
-0.025277
-0.055151
-0.022884
0.016864
0.155422
0.020965
-0.008245
-0.020510
-0.038636
0.072738
0.032947
0.076620
0.094365
0.003923
0.003156
-0.004636
-0.009568
-0.056946
-0.026763
0.010843
-0.015204
-0.011204
0.024400
0.002397
0.023037
-0.000848
0.034955
-0.006336
0.047135
-0.018779
0.045040
0.019778
-0.078141
-0.154949
0.020046
0.034068
-0.030763
0.002839
0.006962
-0.019597
-0.003950
-0.026440
-0.007256
-0.001550
-0.000505
-0.025491
0.195671
-0.010927
-0.032986
-0.017142
0.012763
-0.018483
0.027216
0.006156
-0.008028
-0.008248
-0.005260
0.044870
0.041744
-0.004634
-0.048310
0.001876
0.004727
0.017688
-0.020931
0.010404
-0.025891
0.018589
0.009791
0.061809
0.022762
0.014454
-0.011818
-0.017859
-0.041115
0.030362
-0.031995
-0.002953
-0.000384
-0.003424
0.011554
-0.021074
0.084438
0.020889
-0.024806
-0.008483
0.019603
-0.027311
-0.058242
0.015327
-0.014510
-0.009398
0.045568
-0.008935
-0.028734
-0.019539
0.011210
0.000233
-0.013132
0.019827
-0.004484
0.035716
0.011117
0.002616
0.009926
-0.018753
-0.020257
-0.002939
0.018805
-0.038839
-0.015512
0.022888
-0.027764
0.043322
-0.017031
-0.025487
0.002464
0.052766
0.011865
0.010824
-0.000537
-0.026822
-0.086325
-0.028106
-0.026352
0.011022
0.005585
-0.016755
-0.013123
-0.015210
0.015265
0.029269
0.012101
0.026707
-0.043187
0.040540
-0.026167
-0.001323
-0.007609
0.015060
0.011252
-0.352475
0.014273
-0.030204
0.026676
0.021125
-0.014238
0.000848
0.023896
0.007823
0.017877
-0.011879
0.042011
0.008593
0.056489
-0.013665
-0.005489
-0.021530
-0.020405
-0.045180
-0.032038
0.013445
0.019396
-0.073964
-0.016291
0.011590
-0.009703
-0.005267
0.049855
-0.019041
0.004641
-0.037567
-0.002482
-0.020498
-0.019820
-0.019135
-0.015954
0.013201
-0.006867
-0.007451
0.013171
-0.013269
0.014202
0.005568
0.003784
-0.015532
0.039104
0.010678
0.012830
-0.011030
-0.011763
-0.027252
-0.016257
-0.011892
0.001153
0.016109
-0.001730
0.023680
0.028054
0.026568
0.000832
-0.004135
0.008700
0.014806
0.039182
-0.010971
0.089731
-0.029305
0.020261
-0.047809
-0.003439
0.014480
0.044571
0.001071
0.007804
-0.026281
-0.010029
-0.023384
0.017279
-0.000821
0.012745
-0.013075
0.011403
-0.003697
0.016147
-0.024067
0.014673
-0.007358
-0.030369
0.015274
0.005241
0.035001
0.031348
-0.044251
0.014300
0.007966
0.024521
0.008863
-0.019793
-0.070850
0.010764
0.024167
-0.048423
-0.015234
0.025664
0.044786
-0.044892
0.052979
0.015130
-0.007232
-0.022611
0.007481
0.056737
0.026070
0.019710
0.029958
0.033544
-0.014510
0.018949
0.025975
0.040682
0.012816
-0.180155
0.010821
-0.188324
-0.047712
-0.020837
0.005848
0.014056
0.091812
-0.017051
0.013976
-0.047139
0.005664
0.008991
-0.006556
0.005900
0.025611
0.002898
0.141206
-0.000341
-0.058182
0.075287
0.016144
0.016301
-0.013843
-0.045980
0.027413
-0.005727
-0.013836
0.008520
0.000767
-0.011756
-0.015995
-0.010298
0.008985
-0.026859
-0.017123
-0.013848
0.018931
0.020171
-0.000589
0.002937
0.017127
-0.029048
0.081341
0.002404
0.008931
-0.098289
0.001848
0.009138
0.014764
0.035633
0.000931
0.015746
-0.024798
-0.021399
0.024510
-0.006259
-0.017248
0.041833
-0.013341
-0.044413
-0.048049
0.009548
0.014696
-0.021339
0.000757
-0.005071
-0.002160
-0.036520
-0.053835
0.063125
0.003993
0.008643
-0.018715
-0.006852
-0.024144
0.008842
0.018549
0.033372
0.000823
0.026135
-0.001221
-0.015036
0.002238
-0.030368
0.008273
0.003212
0.013164
0.127279
0.023887
0.008365
0.037781
0.031226
-0.008388
0.019493
0.011533
0.007194
0.008666
0.074575
0.011595
0.032613
-0.018157
0.018707
0.000488
-0.016466
-0.016420
0.013209
-0.018335
-0.030177
0.011860
-0.021856
0.006702
0.047263
-0.027348
0.006334
0.029540
0.158582
0.030137
0.019885
0.031518
-0.015168
-0.018302
0.011324
0.017399
-0.020832
0.051586
0.048512
-0.045234
0.018696
0.033550
0.046515
0.017293
-0.073614
-0.010185
-0.021962
-0.002325
0.050652
-0.015000
-0.010556
-0.012239
-0.101834
0.101291
-0.019620
0.012261
-0.012148
0.015632
-0.013228
0.044403
0.021786
-0.106597
-0.014684
-0.010212
0.029911
-0.046768
0.020041
-0.021208
-0.020318
-0.017450
-0.013202
-0.088035
-0.062291
-0.006826
0.000186
-0.011810
-0.023140
-0.027424
0.027858
-0.000668
0.023742
-0.012697
0.007866
0.011752
-0.144204
0.009881
0.008306
0.024031
0.024528
0.019489
-0.014343
0.002541
0.003648
-0.034197
0.021502
-0.030114
0.043672
0.019011
-0.194033
0.025522
-0.052460
-0.012437
0.030932
0.008935
0.024088
-0.024576
0.018879
-0.004087
0.036563
-0.019843
0.039309
-0.007286
-0.024658
-0.031952
-0.056120
0.027602
-0.032694
-0.008132
0.044787
0.085206
-0.009785
0.019629
-0.051310
-0.002614
0.034277
0.007102
-0.024577
-0.020113
0.011589
-0.022665
0.028197
-0.050437
0.053323
-0.008536
0.010751
0.012542
0.079910
0.015191
-0.026093
0.048662
0.019064
0.006787
0.063604
0.041671
-0.029416
0.040693
-0.060282
0.022403
0.011505
0.014863
0.014479
-0.019762
-0.022282
0.017021
0.001446
0.016991
0.012621
-0.020673
0.035422
0.014237
0.021384
0.047067
-0.048077
0.039955
-0.015493
-0.013398
0.001146
0.023266
0.030012
0.027563
0.075678
-0.124453
-0.009668
-0.009833
-0.011750
-0.029771
0.005180
0.031424
-0.056012
-0.014240
0.009026
-0.025929
0.007257
0.015498
-0.046836
-0.070336
-0.086690
0.021806
0.021092
-0.015072
-0.014428
-0.002812
0.020431
0.040191
0.030502
-0.015561
0.002537
0.011040
0.060427
0.070627
-0.004916
-0.138340
0.005323
0.012741
0.018933
-0.029345
0.022084
-0.279313
0.011635
-0.041619
0.000594
0.092241
0.024179
0.019263
-0.124604
0.007082
-0.005255
-0.014851
0.000131
0.012056
-0.023295
-0.000103
0.055390
-0.034118
-0.020426
-0.016462
0.003700
0.014976
-0.018504
0.016356
-0.013438
0.027281
0.084921
0.016728
-0.040102
0.005441
0.015485
0.066376
0.037801
-0.019789
-0.018727
-0.057844
0.014877
-0.015748
-0.011692
-0.042837
0.020993
-0.056151
0.018192
0.015921
0.021877
0.111693
0.016101
-0.234867
-0.037481
0.016727
0.001008
-0.013553
-0.014289
-0.009607
0.031555
-0.006716
0.010689
0.013110
-0.006944
0.008187
0.018100
0.013418
0.049524
0.049410
0.049069
-0.011516
0.026986
-0.028478
-0.019256
-0.014772
-0.018058
-0.006890
-0.065370
0.051274
-0.008999
0.014395
-0.043110
-0.001155
0.010912
0.073932
0.039936
-0.035578
-0.018541
-0.016414
-0.011075
0.000241
0.092975
-0.002380
-0.047110
0.018252
-0.017239
-0.026158
0.022133
-0.032066
-0.052734
0.030776
0.020768
0.068083
-0.000938
0.053605
0.015096
-0.018832
0.028887
0.006176
-0.001011
0.022664
0.000527
0.021288
0.002027
0.008710
0.013640
0.015615
-0.002428
-0.016257
-0.011335
-0.025411
0.065806
-0.010342
0.019354
-0.090110
0.003776
0.011430
0.008755
0.001099
-0.023094
-0.009180
0.025705
-0.013913
0.011550
-0.002353
-0.009131
0.007566
0.006322
0.024791
0.014438
-0.031284
0.007304
0.033683
0.015962
0.001594
0.014568
0.028392
0.186270
0.009019
-0.018602
-0.010796
0.007558
-0.012765
0.012752
0.015446
0.039591
0.001328
-0.011057
-0.052937
0.006105
0.019711
0.003992
-0.003995
0.027944
-0.002130
0.007530
0.005199
0.025266
-0.013208
0.004345
0.027422
0.051037
0.019226
-0.020230
-0.026656
-0.008971
0.008474
0.020119
0.096341
0.000521
0.265666
0.000572
-0.683876
0.010759
0.000662
-0.046931
0.007448
0.064278
-0.003245
0.011039
0.017703
0.013444
-0.031015
0.016966
0.016915
0.024469
0.015674
0.000021
0.010621
0.006794
0.016886
-0.031703
0.028340
-0.000431
0.029595
0.014392
0.021516
0.028419
0.049757
-0.011965
0.016308
-0.019991
0.008592
0.025910
-0.018455
0.007074
-0.014084
-0.037871
-0.049523
0.032176
0.027524
0.010526
-0.019916
0.006441
0.002381
-0.016226
0.003536
0.008510
0.006593
0.085949
-0.043573
0.010589
-0.015431
-0.006396
0.033885
0.048539
-0.053652
0.019214
0.023384
-0.030959
0.017975
-0.030064
0.021069
-0.003820
0.002173
0.021089
-0.018591
-0.013745
0.013214
0.079894
-0.010291
0.018425
-0.006539
-0.038125
0.023524
-0.127339
-0.015271
0.006072
0.015603
0.009354
-0.011700
0.013484
-0.035926
0.003321
0.133572
-0.423685
0.009662
-0.023540
-0.013821
-0.003065
0.008801
0.015408
0.026729
-0.017757
-0.109876
-0.004479
0.004895
0.023157
0.000305
0.014750
0.058389
-0.024611
0.033787
-0.008520
0.006287
0.027105
0.020454
-0.012684
0.013554
0.016360
-0.006682
0.002541
-0.018617
-0.051100
-0.001409
-0.039874
-0.028015
-0.008076
-0.031465
0.050377
-0.012450
-0.015207
0.003345
0.015371
0.001631
0.018906
0.053385
0.013257
0.029500
-0.006744
-0.000534
0.082938
-0.028106
0.006234
0.024782
0.012581
0.037511
-0.005370
0.065109
0.015406
-0.128992
-0.039860
0.037274
-0.026522
0.003834
0.013451
0.038082
0.028439
0.006226
-0.056703
0.005151
-0.044560
0.002887
-0.000904
0.012424
-0.022735
0.002060
0.022684
-0.000828
0.035182
-0.035551
0.006087
-0.006995
0.022296
0.011294
-0.014592
0.024017
-0.024144
-0.042234
-0.058840
0.039628
0.000225
0.236144
0.041151
0.040189
-0.020210
0.003063
-0.001715
0.012535
0.000923
0.036159
-0.008341
-0.017620
0.000639
-0.202487
-0.080005
0.004068
0.012806
-0.010867
-0.036525
0.011157
-0.034996
-0.025724
-0.089477
-0.045610
0.008159
0.006948
-0.014407
0.016707
0.010062
0.014596
0.025006
0.037549
-0.011045
-0.017579
-0.012633
0.022270
-0.009795
-0.028588
-0.004783
-0.013432
0.021882
-0.011111
-0.032166
0.006247
0.221627
0.018499
-0.017919
-0.000098
0.023906
-0.028470
-0.006198
-0.018509
-0.030740
0.018053
-0.002710
-0.037965
0.015975
0.024195
0.007641
-0.041851
-0.038135
-0.022577
-0.004966
0.005915
0.000271
0.010483
0.001493
0.014023
0.041877
0.009695
0.038365
0.037921
0.009534
-0.104972
0.072455
-0.013259
-0.017401
-0.017114
0.052751
0.000038
0.006132
0.021599
-0.016910
0.035220
0.026037
0.024546
-0.014661
-0.015681
0.042251
-0.012398
0.014506
0.017993
0.047630
-0.012322
0.004835
0.042387
0.000995
0.015743
0.007216
0.020624
0.031058
0.014315
-0.003902
0.000991
0.059873
0.026837
0.061936
-0.018459
0.010242
0.023798
-0.014309
0.020746
0.001637
0.022871
0.094494
-0.002399
-0.001822
0.001804
0.022519
-0.007658
-0.014571
0.027426
0.006532
-0.022558
-0.030052
-0.012225
0.092729
0.009265
-0.020960
0.029206
0.004568
-0.040302
-0.051990
0.051876
0.069952
0.053827
0.192567
0.105471
0.008765
-0.005778
0.046310
-0.002246
0.036983
-0.020470
0.011659
-0.009485
0.058569
-0.003415
0.029189
0.040422
0.020078
0.039301
-0.089248
0.011050
0.033534
0.012773
-0.015125
0.002156
0.000287
0.010389
0.028531
0.018543
0.006269
0.036540
-0.011787
0.016734
0.011031
0.000139
-0.094452
-0.076012
0.010999
-0.012715
-0.032678
-0.007483
-0.005086
-0.024196
-0.013614
0.010350
-0.048672
0.012695
0.016002
-0.017522
0.047332
-0.008299
-0.006914
0.156492
0.016241
-0.051906
-0.134787
0.017099
0.019891
0.092602
-0.004695
0.071035
0.014009
-0.012168
0.010940
-0.010936
0.001812
0.048347
0.026724
0.008650
0.011692
-0.060310
0.010415
-0.005219
-0.020330
0.005662
-0.010487
-0.044348
0.000357
0.025662
0.007899
0.039502
-0.021596
0.030220
0.000540
0.048818
-0.035830
-0.015122
-0.115713
0.010105
0.056788
0.033600
-0.068255
0.015870
0.015855
-0.012453
0.018777
-0.026494
0.042411
0.002679
0.009026
-0.043975
-0.026968
-0.001566
-0.021454
0.010470
-0.048344
-0.051198
-0.028202
-0.022451
0.013379
-0.001980
0.004815
-0.008347
-0.001393
0.021675
0.032225
-0.019018
0.077036
0.045941
-0.021723
0.015518
-0.013882
0.018174
0.055448
-0.013078
-0.009249
-0.029517
-0.038996
0.008634
0.158256
-0.042098
-0.016668
-0.029724
-0.051395
0.015600
-0.015166
0.080899
0.040400
0.009110
0.055511
0.011637
0.032396
0.051099
-0.014543
-0.011782
-0.015408
-0.012620
-0.031250
-0.005789
-0.002992
-0.026687
0.021469
0.016469
-0.021630
0.006908
-0.006196
0.032526
-0.003385
-0.002763
0.051142
-0.057779
0.003015
0.011796
-0.008980
-0.006707
-0.004425
0.022091
-0.015552
-0.027075
0.069711
0.040484
0.019686
-0.034235
0.156363
0.079176
0.275161
-0.043801
0.009343
0.001417
0.010915
0.020361
-0.022382
-0.022721
0.012455
-0.159396
0.005878
0.027065
-0.024014
0.026423
0.029778
0.019971
-0.004737
-0.027816
0.058128
-0.055546
0.014469
-0.066445
0.003372
-0.013774
0.062501
-0.020566
-0.009268
0.018276
0.003354
-0.006200
0.030955
0.009605
0.004425
0.030646
-0.015890
0.022891
0.033791
-0.015817
-0.037859
-0.008597
-0.008865
0.015688
0.009701
0.003754
0.064754
-0.210480
0.097363
-0.041283
-0.002861
0.010493
0.001576
-0.035889
-0.012048
-0.066872
-0.023122
0.009729
0.026740
0.016202
0.026641
0.021880
0.033404
-0.026406
-0.019690
-0.016950
-0.019413
0.013455
-0.027449
0.024015
0.001373
0.015992
-0.031869
0.043779
0.032038
0.013067
-0.009170
0.007739
-0.010135
-0.021827
0.001480
-0.030052
-0.004712
-0.015058
-0.033077
0.021879
0.021599
0.018703
0.017777
0.022383
-0.068705
-0.015499
-0.009872
0.008430
0.035722
0.006118
-0.042433
-0.034545
0.007488
0.005819
0.040435
-0.030421
-0.049244
0.021868
0.010719
0.009839
0.009074
-0.014146
0.001599
-0.029371
0.012514
0.038264
-0.019332
-0.032301
-0.001239
0.009356
0.014265
-0.036933
-0.002122
0.012221
-0.021736
-0.005597
0.051998
0.032177
0.008184
-0.022081
-0.029426
-0.033619
-0.013019
0.011570
0.017698
-0.058542
-0.016322
-0.048328
-0.021853
-0.050969
0.038902
0.046399
0.007424
0.015224
-0.000172
-0.018357
-0.003519
0.005450
-0.005321
0.004945
0.013486
-0.006011
0.029555
0.015710
-0.065030
-0.009819
0.007539
-0.019501
-0.001303
0.005329
-0.009640
0.002782
-0.057341
-0.022122
0.022136
-0.001569
-0.037385
-0.022346
0.032464
0.019593
0.050537
-0.037060
-0.007952
0.025370
0.131592
0.037902
-0.010589
0.005550
-0.016527
0.040394
-0.000402
0.019492
-0.000053
-0.006386
-0.013493
-0.024032
0.014407
-0.011154
-0.049843
0.015457
-0.007381
0.009874
-0.002533
-0.017721
-0.011750
-0.016308
-0.009835
0.015582
0.004235
-0.017596
-0.002016
-0.027766
0.006684
0.012714
0.013684
0.030491
0.034415
-0.015449
-0.020006
0.028350
-0.008507
0.014962
-0.010004
0.013427
-0.017283
-0.031139
-0.021627
-0.045863
0.051168
-0.095989
-0.038962
-0.001414
0.052308
-0.004244
-0.011961
-0.025522
-0.032395
0.002860
-0.011887
-0.000692
-0.165473
0.021202
0.020017
0.015990
-0.018191
-0.035056
-0.017908
0.030498
-0.023455
-0.082843
-0.005022
-0.022078
0.003114
0.023175
-0.164692
0.006716
-0.009812
0.001147
0.041226
0.160332
-0.005555
0.018278
-0.010783
-0.017887
0.015093
-0.040114
-0.000898
-0.025541
-0.015374
0.017565
-0.030829
-0.038360
-0.014478
-0.043309
0.013132
0.017567
0.000193
0.035477
-0.008737
0.254742
0.099384
-0.008698
0.008403
0.002333
-0.021625
0.004585
-0.009801
0.040958
0.014492
-0.007250
0.011743
0.016752
-0.017271
-0.014539
-0.069977
0.027388
0.035276
0.028972
-0.007323
-0.013928
0.008145
0.021492
0.043515
-0.017091
-0.019580
-0.037723
0.004035
-0.004357
0.008263
-0.024143
-0.026995
0.026905
-0.034927
-0.008474
-0.003868
0.049749
-0.055837
0.000264
-0.029580
0.024423
0.018148
-0.019304
-0.011018
-0.004876
0.015413
-0.001145
0.062234
0.029100
-0.011813
0.007331
-0.007311
0.009824
-0.032288
0.013085
0.001497
0.049841
-0.009844
0.011020
-0.011380
-0.013800
0.027949
0.181805
-0.043456
0.059327
-0.015350
0.015618
0.027085
0.013248
0.059751
-0.345275
-0.035874
0.036247
0.042319
0.041090
0.021430
0.019929
0.028537
-0.016465
0.010518
0.016777
-0.039672
-0.043838
-0.024554
0.000594
0.107529
-0.018320
0.010530
-0.094311
0.025609
0.030194
0.027458
0.000443
-0.007238
0.016787
0.012315
0.012751
-0.008264
-0.020689
0.012172
0.000564
-0.002888
-0.115117
0.012468
-0.005201
0.020637
-0.049222
-0.017054
0.026140
0.027059
0.003599
-0.031656
-0.020786
-0.018046
-0.011667
0.013287
-0.006976
-0.018245
-0.021960
-0.032038
-0.001919
0.035279
0.025925
-0.003383
0.014205
0.122529
0.025267
0.050473
0.012349
-0.000504
-0.005400
0.011568
-0.019908
0.016277
-0.031353
0.030275
0.019701
-0.002391
-0.008331
0.021469
-0.007552
0.033889
-0.015862
0.013731
-0.033283
0.076092
0.069175
0.062388
-0.026693
0.000815
0.009004
0.017314
-0.014404
0.035045
-0.021793
0.168545
0.031076
-0.008254
0.016310
-0.026994
0.005928
-0.049832
0.027606
0.026925
0.032191
0.029048
0.016596
-0.033374
0.022059
0.079710
0.007507
-0.016895
0.033512
-0.043882
0.006712
0.004817
-0.011653
-0.024578
0.051553
-0.020434
-0.037885
0.020481
0.022933
-0.022001
0.005313
-0.055968
0.023628
0.000768
-0.010034
-0.019618
0.021410
0.012513
-0.009153
-0.000452
0.008015
0.002212
0.007034
-0.027818
-0.019269
0.007443
-0.004858
-0.005176
-0.002823
-0.053529
0.016758
0.020570
-0.030871
-0.053095
0.010666
-0.061014
0.014115
0.034405
0.002660
0.008297
0.015530
-0.025556
-0.019908
-0.056980
-0.038081
0.018804
0.022825
0.011130
-0.028327
0.007155
0.020567
0.001239
0.007387
-0.039947
0.067284
-0.009712
-0.019852
-0.049024
-0.024299
0.021262
-0.011435
0.009843
0.003542
0.010420
0.013846
0.014340
0.001128
0.009035
-0.030243
0.004607
0.017688
0.025818
-0.019513
-0.009551
-0.011485
0.027180
0.002068
-0.004179
-0.010139
0.006944
-0.047191
-0.042794
0.039437
-0.001484
-0.015101
0.027306
0.043798
-0.027609
-0.010008
-0.037190
-0.050348
0.003574
0.050980
-0.011391
0.015537
0.026896
-0.022124
0.008449
-0.773517
0.015417
-0.032993
-0.016459
-0.018666
0.009682
0.040285
0.021486
0.000770
0.002961
-0.006595
0.042168
-0.000592
0.029894
-0.020109
0.016096
0.014325
0.029840
-0.014650
0.032347
-0.023648
-0.015741
-0.008891
0.030497
-0.010970
0.169042
-0.015745
-0.017611
-0.021434
0.022877
-0.018321
-0.014283
-0.003034
0.010495
0.044864
0.017836
0.005600
0.006465
-0.030054
-0.059681
-0.003146
0.010487
0.021065
-0.003410
-0.054010
-0.012055
-0.020031
0.020775
-0.005951
-0.004537
-0.034728
-0.007528
-0.009349
-0.028972
-0.031687
0.012737
0.009045
-0.042900
0.077701
0.006151
-0.000794
-0.011317
0.012035
-0.075304
0.006524
-0.013868
0.020273
0.098969
-0.044692
0.109550
0.014021
0.043583
0.040136
0.037171
-0.006410
0.032250
0.020297
0.001992
0.015846
-0.014604
-0.000116
0.051551
0.022369
0.002866
-0.021005
-0.042097
0.025689
-0.033949
0.017779
-0.036842
0.015743
0.039590
0.089350
0.009988
-0.008869
-0.003065
0.021080
0.006713
0.037078
-0.452701
-0.013642
0.016260
-0.008735
-0.045066
-0.023775
-0.037546
0.004943
-0.003023
-0.005989
0.029000
0.031648
-0.032054
-0.016449
0.009177
0.081008
0.021369
-0.024667
-0.001519
-0.093103
0.003145
-0.002421
0.008264
0.015836
-0.011751
-0.015423
-0.038274
0.023998
-0.008063
-0.020835
0.012120
-0.014482
0.020691
-0.035341
-0.026794
-0.008098
0.028594
-0.142218
0.000799
-0.018590
0.013925
-0.024569
-0.012583
-0.069696
0.012779
-0.000212
-0.039707
-0.042248
-0.031160
0.016780
-0.019951
-0.011496
0.045883
0.008637
0.003040
-0.008807
0.015407
-0.011781
0.027732
0.008255
0.032437
0.041142
0.015049
0.018540
-0.015684
-0.061776
0.016336
-0.011258
0.014880
0.014982
0.026880
0.038055
-0.161354
0.011828
-0.042969
0.005210
-0.011755
0.096734
-0.016748
0.032429
-0.005717
0.014177
0.011971
-0.016394
-0.035825
0.014748
0.022922
0.016742
-0.066324
0.010086
0.018788
-0.032556
0.028263
0.021549
-0.014438
-0.007399
0.009241
0.009796
0.034488
0.019750
0.018289
-0.001116
0.005668
0.013863
0.001768
-0.018900
0.023254
0.010639
-0.002751
-0.036374
0.033992
0.000933
-0.031384
0.016313
0.018020
-0.012839
-0.000562
-0.000718
0.103812
0.018332
0.049142
0.007505
-0.007989
-0.006943
-0.024284
0.009524
-0.031472
-0.007577
-0.017928
-0.115684
0.021413
-0.006686
-0.025735
-0.018214
0.012392
-0.024159
-0.001613
-0.008138
0.014225
-0.070761
0.015210
0.004181
0.007862
-0.004183
0.063523
0.017793
-0.061883
-0.022357
0.012038
-0.058238
-0.019131
0.076544
-0.006207
-0.006478
0.011587
-0.056868
0.012996
0.001210
-0.014213
-0.065641
-0.017350
-0.008955
-0.049783
0.008151
0.036471
-0.021738
0.015957
0.014851
-0.027665
0.029782
-0.061706
0.020222
0.005639
0.024678
0.027005
0.010778
-0.042013
0.001651
0.023027
0.009090
0.015929
-0.014704
-0.001689
0.041362
-0.012405
-0.006154
-0.016058
0.006915
-0.385717
0.006201
-0.015656
0.028231
-0.037679
-0.011541
0.030444
-0.088646
0.155775
0.020587
-0.008934
-0.019221
-0.027551
0.005763
0.001234
0.012818
0.018716
-0.094786
0.010275
-0.066401
0.000435
-0.018264
-0.045676
-0.011865
-0.015252
0.000576
0.002581
-0.000022
-0.029677
-0.005452
-0.000866
-0.024898
0.019384
0.034144
-0.287478
0.037655
-0.004420
-0.038983
0.024096
0.007000
-0.014801
0.013282
-0.029829
0.115307
-0.012795
0.013675
0.005500
-0.023740
0.014769
-0.023348
-0.095001
0.033730
-0.006400
-0.001240
0.025814
0.012276
-0.025907
0.021199
-0.019347
-0.029510
-0.004266
0.030512
-0.001372
-0.015726
-0.054266
-0.039519
-0.057028
0.007822
-0.011932
0.015014
-0.032925
0.045718
-0.024978
-0.026359
0.062121
0.004426
0.049234
-0.058786
0.020906
0.008915
0.005273
0.021627
-0.016647
0.038007
0.030701
0.030988
-0.043202
0.012551
-0.010240
0.024022
-0.011592
0.017190
-0.008387
0.033609
-0.035826
-0.035856
-0.004874
-0.006569
0.013549
0.016816
-0.042249
0.117014
-0.076900
-0.019178
0.016516
0.009725
-0.018130
-0.001198
-0.002242
-0.021802
-0.020550
0.027532
-0.014065
0.029045
0.016535
0.016841
0.015944
-0.011322
0.033410
-0.031184
0.008213
-0.017669
0.004805
0.019674
-0.066330
-0.020096
-0.004086
-0.003888
-0.065415
0.010118
-0.019411
0.035897
-0.014388
-0.027594
-0.028949
-0.038011
0.008065
0.026841
0.001796
-0.043369
0.044149
0.019244
0.009380
0.028433
-0.022524
-0.073713
0.022163
-0.029551
0.012128
0.014715
-0.021035
-0.002058
-0.004765
0.012761
-0.004890
0.006638
-0.062542
0.001233
0.017644
-0.004418
0.022586
0.028306
0.045087
-0.029505
0.003187
0.003654
-0.013051
-0.021097
-0.040606
0.050198
-0.030063
-0.027750
0.004559
-0.020649
-0.008416
0.022848
0.019214
-0.063225
-0.007553
-0.018905
0.092844
0.015256
-0.021468
0.032558
0.012402
-0.010098
0.013268
-0.020418
0.047523
0.033515
0.001412
0.014569
0.034672
0.016639
-0.018974
0.008847
0.008040
0.032010
0.075902
-0.039388
-0.029510
-0.188499
-0.010864
-0.018702
-0.027072
0.011599
0.010138
-0.010078
-0.161849
0.034100
0.038134
0.012221
-0.014484
0.017785
0.008434
0.060701
0.008561
-0.007478
-0.082986
-0.025464
0.005756
0.029362
0.005981
0.020003
-0.014524
-0.018716
-0.037745
-0.009953
0.004797
0.038912
0.033252
-0.016035
0.017412
-0.018974
0.009539
0.016336
0.011104
0.007175
-0.035747
-0.017670
-0.020720
-0.014060
0.009329
-0.523461
0.003426
0.031216
-0.007082
-0.009051
0.040344
-0.013091
-0.002420
-0.029547
0.002620
-0.003467
0.038272
0.003428
-0.025972
-0.025480
0.015915
0.006316
0.020642
0.003267
0.052189
-0.092370
-0.047461
0.022256
-0.010977
-0.012536
0.006835
-0.018076
-0.029640
-0.065216
-0.007882
0.008752
0.017158
0.012219
0.016480
0.001123
-0.008472
0.014363
-0.043386
0.024545
0.042221
0.014052
0.010026
0.073936
0.015848
-0.029661
0.027007
-0.014594
0.005565
0.008378
0.011692
-0.004140
-0.033768
0.024312
0.021192
0.018499
0.031306
-0.075902
0.003739
-0.025098
0.024158
0.013450
-0.040134
-0.013503
0.014667
0.038057
0.010122
-0.075049
-0.029638
-0.003485
-0.004472
-0.070064
0.015759
-0.033687
-0.018929
0.018924
0.016875
-0.042975
0.034982
-0.001429
-0.006114
0.003963
-0.013941
0.023393
0.143452
-0.032451
-0.000363
-0.017034
0.029521
-0.018018
-0.014180
0.005547
0.034341
0.018356
-0.022690
0.010449
0.059132
-0.000463
0.012123
0.014219
0.039838
-0.014631
0.040569
0.035096
-0.147356
0.007697
-0.001898
-0.118101
0.020941
0.033924
0.008604
0.028370
-0.027086
0.033288
0.042148
-0.022454
-0.054217
0.002104
-0.005458
0.004674
-0.006022
0.016411
0.008681
-0.030092
-0.019805
-0.030988
-0.019699
0.020357
-0.000479
0.018479
-0.022676
0.023876
-0.009038
-0.017233
-0.040363
0.027562
0.002401
-0.027342
0.025766
-0.187712
0.008380
-0.024132
0.000178
0.043572
0.011053
0.015554
-0.007199
-0.008771
0.032010
0.009939
-0.035933
-0.011002
-0.010920
-0.003990
0.000031
-0.008500
0.069177
-0.019644
0.030793
0.041429
0.012353
-0.008590
0.014643
0.011981
-0.045839
0.004772
0.051695
-0.087926
0.109227
-0.027361
0.017645
-0.031813
-0.009741
-0.040747
-0.006268
-0.001636
0.042793
0.019528
0.006542
0.052363
0.012533
-0.018478
0.003711
0.056954
0.016459
-0.016763
0.006828
-0.021219
0.044085
-0.004678
0.018334
-0.006598
0.026148
0.006911
0.037682
0.035093
0.041274
0.060149
-0.000997
-0.117116
0.015716
0.001572
0.022654
0.003181
-0.020508
-0.010344
-0.112536
0.069647
0.010046
0.022537
0.008141
-0.033295
-0.020682
-0.021151
0.020861
0.055625
0.032107
-0.006720
-0.000159
0.005147
-0.024362
0.011866
-0.034781
0.009069
0.069966
0.055574
-0.013575
-0.008294
-0.013471
0.031701
0.029993
-0.014837
0.000038
0.005999
-0.019540
-0.000221
-0.022423
0.004786
0.027254
-0.020341
0.027892
0.003079
-0.020779
-0.012614
0.020360
-0.000867
-0.071640
-0.000793
-0.066582
-0.020434
-0.011366
0.026905
-0.054871
-0.019747
0.048644
0.009220
-0.019914
0.010463
-0.041013
-0.026394
-0.013703
-0.035687
-0.019993
-0.012377
-0.019233
-0.095026
0.018167
0.023544
-0.011675
0.010926
0.022188
-0.035534
0.005601
-0.017361
-0.009374
0.027539
0.022937
0.009597
0.015734
0.019940
0.011444
-0.013565
0.035880
0.010125
0.005017
-0.017466
0.038007
-0.021383
0.008821
0.004354
0.015787
-0.018778
0.018642
-0.064595
0.011681
0.006138
0.011168
0.082694
-0.054697
-0.004196
-0.004122
0.189360
0.013822
-0.016032
0.010216
-0.000868
-0.027270
-0.012584
0.016371
0.020646
-0.035340
-0.016390
0.008961
-0.113476
0.012605
-0.117809
0.008160
0.018932
-0.084265
-0.011231
-0.017387
-0.001308
0.000610
0.017963
0.058454
0.020003
-0.019525
-0.024426
-0.012454
0.047395
0.017795
0.028343
0.011249
0.011709
-0.008739
-0.054727
-0.008981
0.015431
0.039055
-0.009835
0.012893
0.014725
0.024329
-0.053915
-0.010617
0.013535
-0.013196
-0.023168
0.006178
0.015896
0.009892
0.019790
-0.005370
0.009223
0.031375
0.001861
-0.003017
-0.019574
0.051390
0.029505
0.009468
-0.024625
0.078771
0.021589
-0.014871
-0.025670
0.039844
-0.037751
0.038125
0.004186
-0.015124
-0.013233
0.016211
0.016244
-0.005234
0.011639
-0.022681
-0.016042
-0.071747
0.033016
0.048353
-0.032128
-0.010564
0.009130
0.024325
-0.099299
-0.001578
-0.036858
0.003846
-0.027391
-0.055613
-0.036941
0.021211
0.015191
-0.000907
0.037975
0.048716
-0.014409
0.021084
0.014038
-0.033515
-0.057343
-0.009087
0.004816
0.037168
0.045254
0.025118
-0.029638
-0.046831
-0.031990
-0.026836
0.004190
0.011476
-0.026790
-0.020964
0.005595
0.023365
-0.005937
-0.019279
-0.006649
-0.007267
-0.020907
0.023441
0.006380
-0.020873
0.011446
-0.017511
-0.003565
0.006937
-0.020664
0.050741
0.006774
0.017804
0.021258
-0.038891
0.088194
-0.043059
-0.016149
0.001347
0.013341
0.041522
0.011472
-0.021385
-0.014211
0.039793
0.004726
-0.012562
-0.054183
-0.013791
0.001621
-0.013453
-0.040361
0.007205
0.026380
0.003373
0.013289
-0.044685
-0.017791
-0.044192
0.023231
0.033682
0.002534
0.030889
-0.101160
0.022078
0.018137
0.012860
-0.028200
0.023463
0.026746
0.008754
-0.023487
0.011097
0.013293
-0.005058
-0.030014
-0.018144
-0.014843
0.312061
-0.011875
-0.056894
0.015611
-0.038689
0.007703
0.020584
0.011397
0.016715
0.008093
-0.022012
0.069151
-0.034114
0.009753
0.033931
0.009301
0.009613
-0.132548
-0.004965
0.053019
-0.043571
-0.002834
-0.025083
0.019186
0.003428
0.003317
-0.004525
-0.104057
0.024858
0.014458
-0.035950
-0.021022
0.002428
-0.037888
-0.019703
0.023161
0.032767
-0.017943
-0.004627
0.013738
0.030010
0.009648
-0.018486
0.011776
-0.023970
-0.028330
0.012477
-0.004464
0.012392
-0.004733
0.010864
-0.009914
0.019384
-0.012445
0.033990
0.031281
0.017511
-0.020396
0.010909
0.041565
0.023432
0.003158
0.094096
-0.017825
0.038663
0.032278
-0.012720
-0.015025
0.002299
0.025239
-0.056341
-0.003861
0.001592
0.008780
-0.021774
0.014113
0.012422
-0.022940
0.011276
-0.022408
-0.021109
-0.002310
0.021920
-0.012118
-0.027909
-0.022843
-0.022239
0.014050
0.218256
0.028832
0.038067
0.128487
0.025288
0.034074
0.022946
-0.001703
0.003023
-0.110591
-0.009507
-0.013419
0.021394
0.040133
-0.028279
-0.022979
-0.037315
-0.026891
0.010870
-0.010540
0.006394
0.038771
0.006673
-0.025424
0.017545
0.024059
-0.035222
0.077284
-0.022623
0.042241
0.011773
-0.010562
0.051451
-0.032512
0.031937
0.031499
0.048309
0.013518
-0.022446
0.011981
0.038695
0.009499
0.006149
-0.023007
-0.009515
-0.011747
0.010990
-0.004741
-0.017840
-0.000366
-0.083893
-0.011214
-0.009134
-0.012776
0.011858
-0.027337
0.002901
0.015017
-0.010035
0.019542
-0.000130
0.001005
0.002544
0.024451
-0.035216
0.040575
0.013448
0.047405
0.010718
0.028565
-0.001115
0.008425
0.030839
0.018207
0.008536
0.036650
-0.007055
0.002111
0.006329
-0.014315
-0.066685
0.005723
0.020817
-0.044760
0.010655
0.035030
0.015376
-0.014327
0.011794
-0.001223
-0.038726
-0.018041
0.046877
0.033712
0.009065
-0.011372
-0.008743
0.168241
-0.012777
0.005201
-0.021938
-0.018919
-0.020740
-0.006764
-0.036533
-0.019484
0.009576
0.065935
0.013475
-0.008552
0.015189
0.017603
-0.011570
-0.001045
0.003913
0.022165
0.029132
-0.016121
-0.000878
-0.044996
0.013363
0.013923
-0.030266
0.001396
-0.000233
0.027410
0.040588
0.005418
0.000446
0.031934
0.015387
-0.001419
-0.051229
-0.046616
0.021500
0.026119
-0.018257
0.031616
-0.124682
-0.031835
-0.014256
0.025794
0.034160
-0.001273
-0.006891
0.001496
0.009416
0.044562
-0.012760
0.036708
0.013070
-0.076178
-0.023479
-0.015903
-0.146085
-0.035562
-0.006760
0.011120
0.014999
0.002797
-0.007104
-0.054481
0.025782
0.004899
0.006209
0.045177
-0.007163
0.041220
0.013136
-0.014246
0.054045
-0.002018
-0.015513
0.010904
0.011104
0.016932
0.010543
-0.003552
0.018782
0.011145
0.049783
-0.042594
0.010209
0.080671
0.042393
0.008015
-0.040668
-0.014960
-0.012483
-0.014418
-0.007956
0.013070
0.052938
-0.005999
-0.032888
-0.012963
0.018991
-0.080251
0.013244
-0.302421
-0.038038
0.018046
0.005251
0.018125
0.029662
0.012982
0.105437
0.029397
-0.002735
-0.007944
-0.162511
0.021695
0.053531
-0.023164
0.033113
0.052871
0.017516
-0.022238
-0.060094
-0.015885
-0.017975
-0.016014
-0.024296
0.020506
0.006859
-0.020122
0.000930
-0.025901
0.046142
0.047533
-0.033859
-0.019605
0.017513
-0.226229
-0.028960
-0.001409
-0.014591
0.001300
0.029175
-0.001676
-0.003797
-0.012572
-0.000394
-0.004114
-0.017690
0.061842
-0.031730
-0.009295
0.013548
-0.017338
0.013598
0.040603
-0.026484
0.007717
0.055751
-0.052328
0.013343
0.011307
-0.009829
-0.126584
0.016444
0.246789
0.033649
-0.116008
0.017510
0.047456
0.014800
0.014192
0.011908
0.043573
0.001489
-0.012421
-0.016758
-0.001964
0.018865
0.006735
0.000768
0.011821
-0.046556
-0.000193
0.032012
0.069205
0.052541
0.003565
0.053254
0.003709
0.023208
0.013503
0.034985
0.000283
-0.013081
0.021050
0.011242
0.039095
-0.064917
-0.034375
0.030344
0.028334
0.007527
0.013539
-0.000364
-0.133996
0.018174
-0.010808
-0.006334
0.004691
0.033543
-0.009862
0.008821
-0.013559
0.009611
-0.041673
0.025451
-0.011669
-0.019660
0.044054
0.066915
-0.022182
-0.000269
-0.006018
0.016976
0.040021
-0.004573
-0.125072
0.044465
0.030093
-0.045032
-0.007545
0.018971
0.009825
0.025475
0.025578
0.013804
-0.005767
0.027773
0.022048
-0.006742
-0.008915
0.010244
-0.018051
-0.028600
-0.018151
-0.022102
-0.008840
0.002076
0.007515
0.292529
-0.010358
-0.030508
-0.000835
0.010284
0.015093
-0.020322
-0.007558
-0.050363
0.019284
-0.029481
-0.018172
0.052027
-0.001773
-0.180513
-0.005829
0.031712
-0.005304
0.016978
-0.004001
0.008107
-0.033113
0.008286
0.013703
-0.001593
-0.023779
0.003622
-0.010466
0.020790
-0.026255
0.008651
-0.013495
0.017870
-0.008206
-0.043083
-0.009914
-0.008178
0.041672
-0.024387
0.002902
-0.005566
-0.013139
0.017179
-0.026029
0.009095
-0.050875
-0.143587
0.159086
0.015152
-0.048536
0.028623
-0.004317
0.078491
0.041593
0.001533
0.028622
-0.045870
0.002760
-0.001581
0.017179
-0.000253
-0.007839
-0.012632
-0.025671
-0.017362
0.001819
-0.006866
0.011340
0.013349
0.005752
0.025742
0.028556
0.025757
-0.019153
-0.001513
-0.011030
-0.008791
0.011346
0.063737
0.047690
0.006777
-0.053647
0.017197
0.052627
0.010924
-0.020040
0.015011
-0.003784
-0.004036
0.050363
-0.016021
0.021584
0.015965
-0.020101
-0.001510
-0.001710
0.006777
0.025167
-0.017574
-0.004992
-0.008003
0.044867
-0.032729
-0.039150
0.044099
-0.018950
0.046287
0.028981
-0.009009
0.026888
0.011316
0.036863
-0.220786
0.027539
0.036311
-0.033746
0.017899
0.011654
-0.011087
-0.013068
0.048538
-0.046709
0.002281
-0.059275
-0.037992
0.022859
-0.079253
0.075130
0.000122
0.005706
-0.013121
-0.026680
0.012335
-0.017849
-0.015670
-0.213429
-0.002937
0.013151
-0.023200
-0.012930
-0.020376
0.003022
-0.007734
-0.013552
0.009690
0.025634
0.018240
-0.011007
-0.016174
0.018151
0.014739
0.009818
-0.005056
-0.019302
-0.031675
0.014471
0.002316
0.006531
0.026681
0.049629
-0.042798
0.024571
0.017396
0.022945
0.022383
0.002862
-0.023847
0.015013
0.021529
0.008013
-0.022537
-0.016553
-0.038103
-0.014543
-0.023027
0.051074
0.009479
0.036225
-0.037146
0.031769
-0.164328
0.033158
0.076730
-0.027976
-0.057356
0.009633
0.007240
-0.081141
-0.000146
-0.039614
-0.002341
0.015799
0.010899
-0.000719
-0.018329
0.030521
-0.003734
0.031170
0.008292
-0.001512
-0.008502
-0.017723
-0.049424
-0.009640
0.019810
-0.011490
0.028787
-0.006807
0.008613
-0.025825
0.006039
-0.004759
0.056504
0.019538
-0.131033
0.034155
-0.002443
-0.022626
0.002442
0.011876
0.010649
-0.055153
0.035310
0.021320
0.024767
-0.006853
0.049871
0.019145
-0.017639
0.007882
0.006028
0.004246
0.006809
0.014504
-0.010988
-0.018921
-0.002167
-0.008141
-0.011220
0.042058
0.034904
-0.028220
-0.031063
0.006030
-0.028364
-0.005413
-0.011807
0.052104
0.000458
-0.022725
0.008279
0.015319
0.014785
0.031860
-0.131948
-0.001672
0.000255
-0.044497
-0.036532
0.016755
0.061565
0.007687
0.026774
-0.013329
-0.007574
-0.014324
-0.025227
-0.023664
0.005225
-0.006914
0.018715
0.016992
-0.059238
-0.083663
0.011019
-0.014893
-0.012574
-0.005574
0.031530
0.019828
0.027804
-0.002070
0.090174
0.013355
-0.061136
0.004026
0.025148
0.011236
-0.009324
-0.002832
-0.072668
-0.022874
-0.011907
0.010923
0.001353
0.001956
-0.003364
0.018811
0.012192
-0.003650
0.004506
-0.019971
0.004802
-0.023751
-0.014853
-0.021273
0.024419
-0.006936
-0.021433
-0.056224
0.023370
-0.000532
-0.038644
0.011925
-0.490593
-0.010164
-0.027260
0.046903
-0.009580
-0.028960
-0.011628
0.026644
-0.027972
0.028033
0.042301
0.003684
0.022157
-0.083419
-0.028251
0.018802
-0.005509
-0.007469
0.003006
-0.021370
0.071902
-0.000184
0.020742
-0.014546
0.018859
-0.029157
-0.042685
-0.007500
0.013391
-0.018431
-0.007030
-0.013803
-0.019954
-0.051157
-0.035206
-0.019608
-0.004726
0.101774
-0.015482
0.005559
-0.020519
0.016211
0.066580
0.042567
0.028482
-0.039056
0.012546
0.077471
0.032376
0.002531
-0.811193
-0.013096
0.037867
-0.002017
0.025401
0.017500
-0.004760
-0.028168
0.022102
-0.018631
0.030168
-0.158918
-0.017040
-0.002276
-0.011336
0.041035
-0.014910
-0.050359
0.000835
-0.011835
-0.002319
-0.009519
0.035008
0.010864
-0.013351
-0.019247
-0.064984
0.012492
0.084145
0.018693
-0.013105
-0.019858
0.028215
0.090733
-0.003140
0.013134
-0.000694
0.015853
-0.054392
-0.013963
-0.009806
0.018065
0.033581
-0.006969
0.064951
-0.004753
0.041162
0.004232
0.044618
-0.036928
0.016986
-0.018102
-0.123499
-0.033346
0.015952
0.006159
0.015750
-0.027016
-0.014485
0.010135
0.030720
0.013495
0.000044
0.023752
0.026340
0.010055
0.020422
-0.016867
0.003668
0.015540
-0.013773
-0.057734
-0.037561
0.005797
-0.009691
0.019892
0.025994
-0.037937
-0.012478
-0.015960
-0.011414
0.000685
0.040004
-0.074009
-0.006143
-0.027161
0.004281
-0.022519
0.113765
-0.006617
0.018677
0.034235
-0.054713
0.007412
-0.023372
-0.022899
-0.027252
-0.030714
-0.023108
-0.063016
-0.037335
-0.025990
-0.000042
0.017111
0.000556
-0.041397
-0.027438
0.055119
-0.037465
0.041890
-0.008109
0.022124
0.042557
-0.016606
-0.035910
-0.015917
-0.005264
-0.006444
-0.025363
0.007398
0.007273
-0.006870
0.014122
0.027040
0.024013
0.037041
-0.018720
0.003619
0.010443
-0.018666
-0.004324
0.010400
0.066765
0.018104
0.017386
0.007746
0.013317
-0.001816
-0.013717
-0.003959
-0.009425
0.013341
0.009369
0.023602
-0.016830
0.018936
-0.040710
-0.019017
-0.067896
-0.013132
0.035570
-0.018845
-0.016315
-0.008651
-0.001164
0.017866
-0.011923
0.019965
-0.003780
0.040752
-0.012853
0.000543
-0.029153
0.125212
-0.010034
-0.036910
0.032911
0.005483
0.015017
0.032491
0.006408
0.003974
0.000208
-0.092069
-0.012438
-0.053688
-0.021385
0.015198
-0.015540
-0.046373
0.042490
-0.007748
-0.017687
-0.011025
0.019372
-0.019869
0.014058
0.063107
-0.001558
0.082045
0.018899
-0.030108
0.015389
0.026549
0.022236
0.025843
-0.011290
-0.010560
-0.047876
-0.008424
-0.030381
0.008365
-0.008277
0.015158
0.019392
0.007727
0.018171
-0.092986
-0.052890
-0.021501
-0.060746
0.022458
0.032477
0.008324
0.010804
0.035224
-0.002027
-0.154304
0.030080
-0.027391
-0.013991
0.021591
-0.019268
0.065342
0.002463
0.002768
-0.011210
0.016623
-0.011972
0.091314
-0.003804
-0.023262
0.002004
-0.009067
-0.001282
0.014348
-0.025850
0.031364
-0.003808
-0.016432
-0.137486
-0.027939
-0.027811
0.020258
-0.014625
-0.020678
-0.034675
-0.076756
-0.020560
0.021441
-0.009005
0.025146
0.025813
0.006301
0.012553
-0.001882
0.020998
0.202070
0.007092
-0.018691
-0.000871
-0.050891
0.014393
0.006318
0.028235
0.008156
0.010000
-0.016445
0.023829
-0.028225
0.007863
0.024073
0.048152
-0.003552
-0.015912
0.008901
0.025643
0.018522
-0.093602
0.051843
0.023513
-0.003161
0.093701
0.011488
0.016865
0.033704
0.025855
-0.024921
0.040639
0.088138
-0.000279
0.021434
0.014570
0.015425
0.029741
0.019132
0.009829
-0.097201
0.013784
-0.034999
0.027190
0.016939
0.030185
-0.032137
-0.009621
0.014712
0.044538
-0.005730
-0.019456
-0.002885
0.012828
0.025488
0.017581
-0.108185
-0.002151
0.059971
0.002062
0.029013
-0.020498
-0.015932
0.050919
-0.027167
-0.027428
0.089611
0.058017
0.034530
0.003311
0.036269
0.023170
0.050681
-0.020640
-0.024835
0.033398
0.000684
-0.091829
0.036263
0.020962
-0.021190
-0.037817
0.022216
-0.105201
0.018631
0.037106
-0.034957
0.018755
-0.020812
0.019083
-0.018562
-0.015289
-0.039446
-0.031751
0.112057
-0.003232
0.011308
0.014676
-0.010321
0.033021
0.010324
0.017499
0.027663
-0.009869
-0.025768
0.020155
0.044955
-0.018641
-0.004546
0.007020
0.009146
0.046128
-0.018249
-0.010127
-0.007572
0.016289
0.070877
-0.017297
-0.014316
-0.002915
0.013631
0.017277
0.016388
0.042124
0.001834
-0.009870
-0.018105
0.049810
-0.001875
0.016955
-0.017155
0.017751
-0.036034
0.012630
0.002774
-0.053717
-0.028552
0.015253
0.024998
-0.014234
-0.028945
-0.007078
-0.005343
0.001276
0.047138
-0.026554
0.018870
-0.014536
0.005715
0.047611
-0.122658
0.215691
0.026630
-0.028952
-0.010640
0.061212
-0.002874
0.009490
-0.017104
-0.000725
-0.000760
0.006178
0.060275
-0.211370
-0.043411
-0.173449
-0.090283
0.028981
0.021239
0.009858
-0.005023
0.009627
0.004532
0.019429
0.026837
-0.031929
0.085329
-0.022554
0.014446
0.029215
-0.046138
0.010676
-0.019336
-0.005311
0.023869
-0.051510
-0.006681
0.011830
0.013783
-0.040667
0.011970
-0.020868
0.003644
0.026482
0.016951
0.025827
0.013030
0.014091
0.056795
-0.025889
-0.029585
0.013479
0.020344
0.089739
-0.018848
0.011027
0.038144
-0.044752
-0.006105
0.009120
0.006064
-0.011351
0.016098
0.011451
-0.010797
-0.025729
-0.080291
-0.001226
0.028196
0.004808
0.025736
0.037022
0.006060
-0.007083
0.008545
0.032945
0.005980
0.129784
0.014753
-0.007794
-0.048408
-0.016609
-0.032563
0.001302
0.026214
-0.034730
0.005094
0.016669
0.018289
-0.007775
-0.001614
0.017654
0.066295
0.012749
-0.029345
-0.045541
-0.025972
0.040291
0.000450
0.007228
-0.035207
0.002172
0.052854
-0.005686
-0.008348
0.003977
0.027286
-0.007849
-0.020807
0.004699
0.050438
0.009295
0.033739
0.010452
0.023172
0.010415
-0.020793
0.006641
-0.042651
0.026310
0.002157
0.009113
-0.035999
-0.020522
-0.093056
0.036586
-0.054170
-0.006113
-0.001190
-0.017235
-0.003015
-0.011973
0.009962
0.019610
0.023244
0.016254
-0.006914
-0.000665
0.017358
-0.027148
-0.022006
0.010064
-0.003816
-0.019152
0.025805
0.003460
0.026990
-0.014581
-0.063790
0.017305
0.013826
0.004374
0.008007
0.026140
0.019735
-0.014528
0.026206
0.020424
0.009935
0.024210
-0.011164
0.023042
-0.013626
0.008347
-0.056728
-0.020829
0.005416
0.003669
0.029468
0.016912
-0.010473
-0.019439
0.007366
0.021058
-0.003706
0.005741
-0.022125
-0.030615
0.008225
0.018422
-0.024275
0.037942
0.047930
-0.007498
-0.027688
0.023922
0.002093
0.014012
0.009801
0.006856
-0.021300
0.001581
-0.021192
0.008647
-0.003107
0.042101
-0.056759
0.023563
-0.043912
-0.007452
-0.030215
-0.016116
-0.012733
-0.011031
-0.016520
0.004393
0.003644
0.009712
0.016869
-0.012424
0.013997
0.019841
0.021090
-0.022982
0.013068
-0.028004
0.000560
0.059120
-0.057700
-0.021222
0.074407
0.229470
-0.030648
0.004333
-0.012869
0.009287
0.026400
0.003919
-0.008141
-0.037708
-0.016148
0.021161
-0.021996
0.006942
-0.016391
-0.018200
0.007583
0.019804
-0.016849
0.023579
0.030109
-0.017076
-0.010176
-0.015095
-0.051449
0.008726
0.040521
-0.023799
-0.018119
-0.008288
0.049664
-0.007048
0.013956
0.004755
-0.034492
0.041276
-0.049800
-0.007230
0.003291
-0.022634
-0.030448
-0.014398
0.019562
0.041258
-0.008178
-0.068964
0.003739
0.011048
-0.105803
0.026331
0.002924
0.045510
-0.001647
0.043989
0.007854
0.003146
-0.018608
-0.014219
-0.016857
0.028625
0.001081
0.021748
0.018036
-0.045305
0.020133
0.009288
-0.000148
0.020890
-0.013569
0.015357
-0.025092
-0.002537
-0.019452
-0.019828
-0.007967
0.003014
0.009465
0.022406
-0.027654
0.012962
-0.043188
-0.012298
0.021965
-0.029891
0.043574
0.056411
-0.060436
0.020507
0.014483
0.014930
0.049348
-0.050362
-0.011147
0.007474
0.087702
-0.020357
0.006341
0.017346
-0.002022
0.156428
0.017752
0.007149
0.020419
-0.004027
-0.395688
-0.133822
-0.000094
-0.033220
-0.026364
-0.056411
0.012315
0.005421
-0.024976
0.035520
0.012621
-0.004984
-0.020440
-0.004378
-0.049877
0.022352
0.032599
-0.027512
-0.005636
-0.006493
0.003999
-0.051069
0.029171
0.000114
-0.001679
-0.031200
-0.007741
-0.013603
-0.008514
-0.018265
-0.000601
0.020092
0.046946
-0.041559
-0.042095
-0.013544
-0.035170
-0.025483
0.002458
0.002492
-0.025876
0.003070
0.027480
-0.036874
0.009800
0.006601
-0.025637
-0.026080
0.009849
0.000965
0.029149
0.012849
0.009974
-0.004427
-0.093003
0.010936
-0.011200
-0.005753
-0.024161
0.006119
0.002308
0.014839
0.032374
-0.000079
-0.133744
0.049554
0.034477
-0.047786
0.018150
0.181225
0.018824
0.009458
-0.021004
-0.023473
0.010552
0.015537
-0.004832
0.054247
-0.023588
-0.017695
-0.040864
0.000307
-0.026681
-0.031105
-0.020443
0.005881
0.031750
-0.022732
-0.002748
0.018122
0.041713
0.011267
0.090885
-0.033046
-0.011209
0.015162
0.007453
-0.024923
0.010168
0.012026
0.017555
-0.018259
0.047382
0.006117
0.035447
0.009091
-0.008442
0.011386
-0.013280
-0.022812
-0.018452
0.003160
0.008513
-0.014354
0.049348
0.023255
0.016514
-0.053888
-0.002672
-0.034627
-0.013023
0.008835
-0.052088
-0.022855
0.053739
-0.029017
0.003975
-0.018037
0.014443
0.003273
0.006148
-0.026742
0.014611
-0.012455
0.031521
0.028620
-0.007366
-0.008490
0.001397
-0.000453
0.033639
-0.047420
-0.021495
-0.034007
-0.010871
-0.020901
0.005519
0.092514
0.020876
0.018446
-0.025860
-0.020694
-0.010913
0.008806
-0.027780
-0.013360
0.014477
-0.015647
-0.003427
0.007204
-0.008128
-0.014119
0.009896
0.000720
0.016427
0.014672
0.020982
-0.005131
-0.015678
0.006721
-0.016057
-0.075263
-0.013505
-0.006856
-0.026208
0.004875
0.015176
-0.005009
0.002591
-0.008826
-0.007547
-0.001116
-0.017765
-0.017662
0.070793
0.042224
0.021401
0.014000
0.009685
-0.034996
0.014432
-0.007658
-0.022300
0.017846
0.002935
-0.018559
-0.028553
0.024654
-0.007755
0.010684
0.131333
-0.030216
0.011945
0.003094
0.013834
-0.004696
0.007709
0.030357
0.041848
0.040014
-0.052925
0.018559
-0.001999
0.004724
0.024040
0.017650
0.016412
0.010692
0.021569
0.025917
-0.004547
-0.047079
0.040189
-0.042095
-0.018232
-0.035108
-0.011625
0.015237
-0.013999
0.010926
0.002065
0.002594
-0.040568
-0.003931
-0.058440
0.013603
-0.075289
-0.047641
0.018953
-0.046779
0.016678
-0.007314
-0.182705
0.041604
-0.039423
0.026412
-0.009823
-0.057883
0.019206
-0.031051
-0.021235
0.001865
0.019294
0.001619
0.008800
-0.019440
0.029005
-0.001226
-0.088835
0.025993
-0.016416
0.057705
0.043946
0.028108
0.018770
-0.009406
0.003853
-0.008220
-0.030781
-0.010581
0.035634
0.010259
0.040775
0.130175
-0.048762
-0.070371
0.041722
0.030056
-0.035202
0.013312
-0.004571
0.000332
-0.072884
-0.004564
-0.001026
-0.004374
0.017136
-0.012275
0.009313
-0.015715
0.071555
0.015316
-0.012514
-0.021823
-0.026100
-0.064269
-0.027070
0.024495
-0.011625
-0.015883
-0.019761
0.002109
-0.002813
0.017652
0.000804
-0.017774
0.018940
0.010821
0.028978
0.028073
0.670031
-0.008499
-0.010356
0.018081
-0.022735
-0.005014
-0.068891
-0.063612
-0.011738
0.482142
0.001508
0.011807
0.004241
-0.016295
-0.008852
0.011931
-0.082294
0.015660
0.013077
-0.016059
0.002095
-0.023791
0.008012
-0.000481
0.028973
-0.004049
-0.018316
-0.000195
-0.002275
-0.011413
-0.046102
-0.149677
0.004158
0.036982
-0.062286
0.029587
0.008821
0.070947
-0.095646
-0.000185
-0.035411
-0.102525
-0.007013
-0.006840
-0.066363
0.021584
0.025505
0.037112
0.009609
0.031903
0.001156
0.027560
-0.011498
-0.010423
-0.133481
-0.015313
0.037823
0.006929
0.009519
-0.026958
-0.001584
0.019949
-0.110204
0.035401
-0.019561
0.009216
-0.082694
0.011710
0.017354
-0.010673
-0.049951
0.006435
0.008250
0.021702
0.059184
-0.014325
-0.024002
0.000434
-0.027222
0.010055
0.007540
-0.018643
-0.040853
-0.005215
0.007806
-0.049428
0.011236
-0.001086
0.017177
0.004961
-0.015050
-0.024019
0.007445
0.017038
0.009805
-0.020511
0.064541
-0.023955
-0.002176
-0.041982
0.036559
0.000576
-0.079540
0.020268
-0.031882
-0.008793
-0.021444
-0.051626
-0.001793
0.009263
-0.040199
-0.057268
-0.005422
-0.002783
0.006619
0.008207
-0.019523
-0.014999
0.023729
-0.058841
0.118966
-0.005650
0.008569
-0.003978
0.019872
-0.008595
0.090114
0.014399
0.030719
-0.023376
-0.042081
0.038140
-0.028078
-0.025595
0.006140
0.076464
-0.006019
-0.166911
0.001276
0.014836
0.027714
0.015882
0.031033
0.017733
0.027557
0.039073
-0.000017
-0.033817
0.005225
-0.065647
0.003231
0.031482
-0.036832
0.014220
-0.032719
-0.028472
0.016597
0.047637
-0.002390
-0.036008
-0.008342
-0.009762
0.006733
0.007480
0.011065
-0.027205
-0.038491
0.017677
-0.051296
0.025798
0.024047
-0.019048
-0.023652
-0.000856
0.004713
-0.021761
-0.008155
0.009833
-0.045567
0.048593
0.080771
0.010862
0.003419
-0.043611
-0.048229
0.021287
-0.011876
-0.022567
0.000616
-0.040043
-0.056868
0.009312
-0.014276
-0.008451
-0.062675
-0.020282
0.063766
0.042706
0.012040
-0.012945
-0.007379
0.001644
-0.027075
0.009196
0.276604
0.013722
0.009943
0.009130
-0.024976
0.017576
-0.032999
-0.030730
-0.010858
0.020003
0.084200
0.035835
0.010895
0.009433
0.062446
-0.087232
-0.190355
-0.041406
0.041224
0.025371
0.026452
0.022174
0.016036
0.046127
-0.020854
0.014049
0.083427
-0.019321
0.026250
-0.009100
-0.025620
-0.018150
-0.047844
-0.056132
0.015421
0.012295
-0.053052
0.014779
0.036065
-0.140806
0.054139
0.020860
-0.013799
-0.013021
0.060693
-0.027142
-0.056400
-0.030802
-0.018470
0.040450
-0.024764
0.012414
-0.048182
0.013097
-0.027412
0.009075
0.011190
0.031698
0.010052
0.005911
-0.016235
-0.012584
0.012358
-0.013442
0.015742
-0.014960
-0.015348
0.047247
0.013577
0.008974
-0.025159
-0.029383
0.023961
-0.013363
0.123295
-0.093493
-0.017904
-0.024623
0.010620
-0.013278
-0.009280
-0.007956
-0.012488
0.007453
0.007439
-0.031017
0.020936
0.006748
0.042725
-0.016577
0.008240
0.034046
-0.026305
0.019790
0.002229
0.040102
-0.016811
0.032557
0.005231
0.090829
0.023333
-0.013075
0.012583
0.002937
0.033669
-0.011662
0.040835
-0.035130
-0.026836
-0.023097
0.012438
0.017916
-0.000551
0.007742
-0.027302
0.030172
-0.018686
-0.009433
0.006299
-0.004311
0.014293
-0.043212
-0.017417
0.011577
-0.002059
0.015270
0.000535
-0.001753
0.028147
-0.082312
-0.025377
-0.028806
-0.006684
0.006093
0.030631
-0.003544
-0.010149
0.022187
0.008844
0.014415
0.027066
-0.043166
-0.065769
-0.076825
-0.029395
-0.020063
-0.005207
-0.028929
-0.013986
0.044983
-0.033179
0.013088
0.023636
0.015016
0.022312
0.069162
-0.015158
0.010755
-0.030538
-0.031054
0.015518
-0.004052
0.036513
-0.057393
-0.019535
0.034859
-0.031752
-0.035988
-0.021299
-0.003824
-0.010938
0.042887
0.011842
0.017256
0.026401
0.020148
0.003940
-0.008878
0.002333
-0.069154
0.039235
-0.006385
0.017469
-0.008716
0.014224
0.088894
-0.017683
0.044982
-0.002674
0.030166
0.015620
-0.012053
-0.008079
0.052533
0.036676
0.037386
-0.225224
0.024350
-0.019724
-0.006131
0.014536
-0.024655
-0.003008
-0.029033
-0.042292
-0.023370
-0.018792
0.020881
0.035844
-0.036928
0.017762
0.035510
0.031386
0.026058
0.018228
-0.032034
-0.007848
0.016145
-0.010060
-0.027031
-0.049429
0.012756
-0.011699
0.011570
-0.008807
-0.072908
-0.048269
0.002163
-0.016827
0.000633
0.036311
-0.005375
-0.004854
-0.019770
0.023763
-0.004361
0.014859
-0.043090
0.023047
0.010629
0.030788
0.010772
0.031799
-0.013427
-0.008360
-0.000765
-0.035834
0.024147
-0.060995
0.018601
-0.001016
-0.070076
0.027658
-0.005810
-0.036828
-0.038530
-0.052199
0.002241
-0.011583
0.024267
0.014849
0.003966
0.022029
0.115738
0.033310
-0.001739
0.043890
-0.011332
-0.091963
0.003949
-0.045285
-0.014663
-0.023304
0.052139
-0.022116
-0.006562
0.043190
0.167678
0.016310
0.018575
0.142074
-0.013466
0.014842
0.002510
0.040009
-0.017033
0.035339
-0.031075
0.000104
0.041377
0.022052
0.050203
-0.039060
-0.010217
-0.019329
-0.003117
-0.022716
0.008961
-0.004305
-0.013069
-0.014337
0.023872
0.028578
0.052700
0.043196
-0.012943
0.000032
0.012063
0.006928
-0.049864
0.047727
0.015474
-0.000011
0.024986
-0.012957
-0.062301
-0.016292
-0.015707
-0.011313
0.035930
-0.024360
-0.006479
-0.019217
0.104244
0.012628
-0.014692
0.007045
0.002561
-0.182547
0.024216
0.046587
0.000714
-0.022233
0.032981
0.013979
-0.211545
-0.034598
0.014536
0.001534
-0.013371
-0.148015
0.035547
0.016783
-0.071541
-0.006923
-0.107323
0.109488
-0.026187
-0.020797
0.006346
0.017520
-0.024393
0.006859
0.039405
-0.078722
0.033932
0.010995
0.037001
0.027469
-0.006439
0.444478
0.067712
0.025156
0.073927
0.057017
0.066549
-0.007081
0.039606
0.028401
-0.027840
0.007622
0.011699
-0.018799
-0.003863
0.080137
0.022725
-0.004614
0.000682
0.003884
-0.026070
-0.020012
0.009187
-0.018960
0.008585
0.080648
0.036272
-0.041774
0.016602
-0.013051
-0.018603
-0.008284
0.012690
-0.043341
-0.010228
-0.020448
0.029520
-0.004592
0.012056
-0.007280
0.029800
-0.002734
0.018668
0.017081
0.023066
0.032609
0.017844
0.059886
0.030840
-0.026049
-0.023845
-0.021635
-0.007934
0.164645
0.003667
-0.307742
-0.020704
-0.005704
0.022410
0.044243
-0.101794
0.013470
0.006261
-0.002931
0.167403
0.017305
-0.005836
-0.015756
0.008115
0.037670
0.018378
0.014471
-0.014609
0.016027
-0.008973
0.009964
0.012619
-0.040660
0.030447
0.017720
-0.035427
0.030949
-0.000647
0.019846
0.021905
-0.013184
0.018414
-0.050006
-0.006611
0.017174
0.013090
0.063705
0.022201
-0.034361
0.004558
-0.018587
0.012458
-0.019725
0.007333
-0.080395
-0.015787
-0.010478
-0.008274
0.064564
0.002547
-0.014312
-0.027954
0.058985
0.016318
-0.024452
0.006760
0.011498
-0.018176
-0.062772
-0.006081
-0.021550
-0.016770
-0.053416
0.014145
0.020318
-0.014809
0.081989
0.036282
-0.025383
0.008699
0.011528
-0.053291
-0.018163
0.011127
0.009818
-0.000030
0.019050
0.032420
-0.020562
-0.028700
0.044161
0.008984
-0.024525
-0.009301
-0.082365
0.057129
0.080510
-0.042397
0.013754
0.023264
-0.000038
0.003531
-0.004575
0.023553
0.035136
-0.013793
-0.000654
0.045409
0.019388
-0.014855
-0.010446
0.020304
-0.004624
-0.011713
0.026733
0.024915
-0.020564
-0.042652
0.010016
0.000822
0.001053
-0.005473
-0.020055
-0.023783
-0.007592
-0.030981
0.040219
0.017235
-0.007287
0.002621
0.060229
0.018500
0.030759
-0.011987
-0.042269
0.051156
0.014674
-0.024007
0.026581
0.047224
-0.037344
0.002048
0.037082
0.000756
0.005246
0.004554
0.031472
-0.016582
-0.096008
-0.008070
0.026457
-0.023405
0.033764
-0.259470
-0.032781
0.001862
0.010513
-0.011205
0.013800
-0.029948
0.012378
0.022989
0.008746
0.000843
0.007516
-0.025813
-0.102343
-0.029503
-0.016062
-0.013478
-0.048286
-0.021749
0.007768
-0.004750
-0.015164
0.008378
0.029224
-0.029987
0.049161
-0.042068
-0.039839
0.005286
0.031284
0.001472
0.013549
0.009049
-0.008847
0.019018
-0.011870
0.079409
-0.039465
0.017975
0.056731
-0.005864
-0.021608
-0.014093
0.015725
0.008807
0.021717
0.038231
0.023021
-0.268774
0.012432
0.013637
0.011980
0.043673
0.003537
-0.043201
0.015830
0.080974
-0.073990
-0.031762
0.311051
-0.010806
-0.080772
0.005826
-0.006718
-0.010373
0.000101
0.005891
-0.019726
0.000609
0.027017
0.027665
0.031227
-0.050942
0.017532
-0.002876
-0.013629
-0.012070
-0.009128
0.098806
0.017252
-0.015360
0.027123
-0.008014
0.019287
-0.023912
-0.007133
0.000391
-0.017437
-0.072299
0.023062
-0.028803
0.012519
0.027880
0.032365
0.017572
0.020014
-0.035942
0.078045
-0.016605
-0.028071
-0.016085
-0.010533
-0.036467
0.036095
-0.016136
0.019494
0.002235
0.000912
-0.026773
-0.041514
-0.009756
-0.067192
0.053203
-0.077200
-0.011297
0.016822
0.001602
-0.025547
-0.014937
-0.019538
0.060372
0.025535
-0.000477
0.237975
0.006533
-0.012216
-0.003509
-0.015446
0.016328
0.005866
-0.019472
-0.004366
-0.008598
0.076551
0.023143
0.002390
0.012242
0.020745
0.010560
-0.004357
0.016268
0.004205
-0.002615
0.002962
0.085011
0.004678
0.004516
0.070572
-0.011689
0.004657
-0.003214
0.004736
0.016306
-0.043795
-0.016177
0.000746
-0.007654
0.016799
0.014720
0.016053
0.020571
0.015681
-0.004573
0.034191
-0.001214
-0.006057
-0.032049
-0.112567
0.000501
-0.019825
-0.014033
0.035963
-0.003485
-0.002331
-0.007649
-0.012094
0.013113
-0.603600
-0.380121
0.147015
-0.111502
-0.011373
-0.033217
-0.006005
0.031035
-0.004167
-0.053614
-0.019852
0.042670
-0.004021
0.004841
-0.015927
0.050737
0.006457
0.015801
-0.066516
-0.009507
-0.007009
-0.033916
-0.005738
0.013440
0.320804
-0.002032
0.008280
0.012057
0.003507
-0.027985
-0.014675
0.045856
-0.019260
0.011723
0.013791
0.033688
0.017843
-0.023122
-0.012102
-0.004116
-0.025038
0.029599
0.008490
0.025493
0.045571
0.026440
0.019634
-0.027437
-0.009697
-0.016850
0.014962
-0.016957
-0.024475
0.013984
-0.010768
0.049257
-0.001292
-0.036527
0.057734
-0.014718
0.079955
0.012821
0.039689
-0.026593
0.019976
0.036327
-0.000024
0.071866
0.013241
-0.044779
0.005197
-0.018842
-0.004243
0.040501
-0.038393
-0.008200
-0.056700
0.028493
0.011719
0.012405
0.007786
0.003842
0.022320
0.027138
-0.046295
0.034012
0.036913
-0.030604
0.042609
-0.044070
-0.020465
-0.001468
-0.001014
-0.003690
-0.015820
0.045105
-0.009846
-0.677447
0.016347
-0.042481
0.031238
-0.040233
-0.004455
0.040587
0.007349
0.004281
0.027537
0.016565
0.020511
-0.090886
-0.033093
0.002109
0.011795
0.080412
0.088213
0.008481
-0.026058
0.018420
-0.008659
0.008066
0.010287
-0.015849
0.053747
0.010457
-0.033097
0.039601
-0.083152
-0.008009
-0.013505
-0.016425
-0.003499
-0.004424
0.007241
0.006267
-0.008050
0.015539
0.010816
0.047165
-0.062283
-0.054786
0.093447
-0.029918
0.038125
0.012253
0.045581
0.014627
0.013803
0.050410
-0.039055
-0.016947
