-0.029918
-0.010984
0.001744
0.005600
-0.003343
0.003787
0.018028
0.015402
0.001075
-0.007714
0.009516
0.002933
-0.000968
0.015678
-0.010121
0.012509
-0.016917
-0.001534
-0.006223
-0.002380
0.001087
0.002157
-0.013936
0.000851
0.028313
-0.010760
0.004530
0.029940
0.007212
0.001867
0.008559
-0.034099
-0.028008
0.037136
-0.026796
-0.028356
-0.008287
0.001847
-0.016174
-0.017217
0.005763
0.004580
0.018126
0.010975
-0.019779
-0.025970
-0.007667
0.004964
0.038569
0.018416
0.003385
0.008871
-0.020166
0.008981
-0.007594
0.001727
-0.014593
-0.016782
-0.003386
-0.030206
0.011545
-0.007322
0.005994
-0.007778
-0.000878
0.000744
0.002743
-0.033732
-0.007035
-0.012148
-0.001181
0.002363
-0.000075
0.015617
0.005273
0.021038
0.007262
0.008129
0.008556
-0.002257
-0.005186
0.017562
0.013118
0.006416
-0.014889
-0.015780
0.005119
-0.005879
0.003569
0.005170
-0.010299
0.011168
-0.015718
0.017241
-0.010562
0.001478
0.003940
0.011014
-0.004324
-0.008828
0.008373
-0.048202
0.008635
-0.000723
-0.001995
-0.001085
-0.005188
0.005902
-0.020519
0.012235
-0.001186
-0.180478
0.008368
-0.003248
-0.005354
0.007919
-0.044140
-0.005755
0.004467
-0.010181
-0.003135
0.002780
0.014144
0.019567
0.010079
-0.000849
-0.010603
-0.009604
-0.048422
0.007267
0.027298
0.020467
-0.007056
0.007776
0.006092
0.090384
-0.003584
-0.021892
0.005394
0.010821
0.003379
0.011536
0.003637
0.000813
0.012768
0.006289
0.003674
-0.011308
-0.002640
0.014334
-0.011598
-0.040978
0.001897
-0.004564
0.006183
-0.005086
-0.001923
-0.006130
0.019537
-0.002915
-0.013484
-0.009224
0.009553
0.003469
-0.008405
0.013278
0.015816
0.009746
0.000365
0.007972
-0.020583
0.019730
0.012536
0.003516
0.007139
0.002711
-0.002096
-0.028903
-0.005081
0.006637
0.031402
-0.021869
-0.012972
0.005100
-0.002610
-0.005334
0.010403
0.012384
0.012842
0.008973
-0.004261
-0.005403
0.016952
-0.000105
0.000320
0.012438
0.003943
0.004701
0.011424
-0.006085
-0.000562
-0.001019
0.011199
-0.020498
0.033004
0.006406
-0.006233
-0.014238
-0.002122
0.006928
-0.021277
-0.018591
0.006530
0.025748
0.005300
-0.015588
0.008893
-0.013584
0.006487
0.004683
-0.010330
-0.001829
0.014019
-0.003269
0.017120
-0.002402
-0.012623
0.044414
-0.001574
0.008287
-0.020598
0.006487
0.013071
0.025198
-0.004353
0.000135
0.001623
0.010067
-0.025603
0.007628
0.003785
-0.001172
0.010220
-0.001752
-0.009072
0.060532
-0.002846
0.011883
-0.000248
0.029050
0.035860
0.007220
0.003748
0.003363
0.004056
-0.004095
0.000817
0.006330
-0.015775
0.006663
0.012788
0.005658
0.003162
0.012995
-0.025723
-0.002880
-0.004103
0.010424
0.008115
-0.013814
-0.012913
0.000934
0.024757
0.038548
0.010201
0.007891
0.011393
0.036373
-0.007446
-0.008177
0.017508
-0.002402
0.020124
-0.005904
-0.003764
-0.051544
-0.000085
0.003060
0.041966
0.001157
-0.007303
-0.015236
0.009805
0.011301
0.009231
0.010473
-0.010842
-0.022069
0.016229
-0.009989
0.015744
0.004713
-0.005923
0.006326
0.009906
0.007611
0.007532
-0.016409
0.003957
0.003828
-0.005889
-0.014793
0.016210
-0.005617
-0.001702
0.010424
0.008673
-0.003428
0.015497
0.005936
-0.078804
-0.000245
-0.000525
0.000975
0.013188
0.002520
0.004595
0.017871
0.002100
-0.020841
0.024341
-0.020183
-0.028125
-0.017750
-0.008353
-0.002597
0.002554
-0.014557
-0.116264
0.005870
-0.008182
-0.025991
-0.009583
-0.009436
-0.034115
0.021163
0.002964
-0.014127
-0.000751
0.004455
0.002562
0.003604
-0.002238
0.004335
0.001346
0.004095
-0.002027
-0.009508
-0.002642
-0.025371
0.020187
0.096156
0.007464
0.006740
-0.012680
0.008165
0.009421
0.010413
0.007921
-0.014291
-0.003224
-0.005264
-0.001575
0.001227
-0.004291
0.001285
0.005343
-0.009650
-0.013309
0.017922
-0.000106
-0.016991
0.011509
0.003606
0.033679
-0.016044
-0.023382
0.004614
-0.004663
0.001611
0.016227
-0.000395
-0.008263
0.019273
-0.001101
0.018139
-0.000983
-0.002516
0.006189
0.021466
0.043830
0.003773
-0.003211
0.012415
0.002381
0.004296
-0.003234
-0.012213
0.003849
-0.005843
0.013580
0.042531
0.015969
-0.007926
-0.015325
0.011125
0.023988
0.247922
-0.008047
0.011092
-0.007075
0.013587
-0.007642
0.038454
0.003385
0.003336
0.004570
0.006277
-0.012454
-0.022277
0.002390
0.011935
0.002290
-0.000029
-0.004948
0.007322
-0.011632
-0.006504
0.009329
0.005918
-0.019394
0.002969
-0.001575
0.000633
-0.005702
0.012681
0.020255
-0.005732
-0.012938
0.001472
0.011761
0.006317
0.001219
-0.004863
0.010794
0.001208
-0.008215
0.007248
0.032217
0.008925
0.009449
0.014434
-0.015229
0.002752
0.004509
-0.004950
-0.003781
0.024847
-0.002111
-0.001954
-0.005558
-0.003372
-0.020586
-0.011641
0.043516
0.009189
-0.001926
0.011672
-0.008200
-0.013879
0.026502
0.022693
-0.001769
0.003504
-0.004731
0.030431
0.006891
0.009392
-0.003287
0.005266
-0.002899
-0.014721
0.000052
-0.036947
0.006699
0.013921
0.008568
-0.029402
0.017256
-0.005217
0.016248
-0.002888
0.010534
-0.007516
0.006272
0.012215
0.006632
-0.006116
0.000275
0.001667
0.000603
-0.016184
0.011362
-0.005379
0.008187
0.002450
0.000500
0.007416
-0.019128
0.006120
0.007162
0.009627
-0.030209
0.008215
-0.002471
-0.012203
-0.007121
-0.025703
-0.010297
0.003330
-0.010824
0.000238
0.000282
-0.001356
-0.006316
-0.011658
-0.003427
0.008966
-0.001952
0.002604
-0.009453
0.007251
0.007590
-0.001220
-0.012130
-0.000084
-0.040713
-0.011510
-0.029007
0.001037
0.000793
0.005263
0.004018
0.005967
-0.008794
-0.003547
-0.002114
0.002739
-0.002717
0.000386
0.007155
-0.005952
0.006618
0.009947
-0.017079
0.005894
-0.001733
0.040809
-0.027611
0.008631
0.010346
0.006784
0.006501
0.003840
-0.016647
-0.011348
0.013324
0.004258
-0.012781
0.007975
-0.010327
0.004785
-0.012563
0.023012
0.000009
-0.083302
-0.002877
0.011759
0.006700
0.005539
-0.001117
0.019665
-0.003610
0.014031
-0.001732
-0.016686
0.007551
0.003772
0.006588
-0.001451
0.020251
0.006928
0.007803
0.020210
-0.010712
-0.003497
-0.024661
0.001326
-0.014454
0.015669
-0.000310
-0.005692
0.006540
0.003244
0.031576
0.012440
0.015745
0.007590
0.011798
0.003726
-0.049023
-0.009996
-0.018371
0.003699
0.006109
-0.007554
-0.027715
0.009255
0.008635
0.007012
-0.033694
-0.001393
0.022652
-0.032408
0.001000
0.005379
0.012003
-0.006418
-0.017539
0.003797
0.014912
0.015121
0.017329
-0.009526
-0.005291
0.001509
-0.004095
0.007656
-0.000126
0.002687
-0.002057
0.018433
0.000970
-0.009318
0.005466
-0.015298
-0.001688
-0.001799
0.000306
-0.009042
0.000646
0.003373
-0.010612
0.014371
0.021796
0.006997
0.013676
0.004694
0.013828
0.010287
0.006552
0.001791
0.048334
-0.000051
-0.018582
0.007464
-0.020621
0.031650
-0.012022
0.007684
0.007197
0.010742
-0.004493
0.019660
0.011999
-0.000884
-0.012972
0.002730
0.003802
-0.015892
0.010184
-0.002411
-0.009721
0.003236
0.006524
0.006936
-0.000322
0.025103
-0.011267
-0.000833
-0.000695
0.010875
-0.002426
0.015684
-0.006377
-0.008684
-0.019321
-0.060386
0.002165
0.008167
-0.003236
-0.002296
0.021070
0.011018
0.052587
0.007122
-0.007847
0.008224
0.006778
0.006483
-0.001223
0.017129
-0.017152
0.000712
0.002629
-0.006328
0.002204
0.004922
-0.032946
0.013659
-0.010827
0.006859
0.029186
0.001084
0.004162
0.051345
0.008508
-0.054881
0.024170
0.005919
-0.003495
0.002101
0.003559
0.005707
0.008161
-0.010367
-0.007564
0.028865
-0.005939
-0.005899
0.082593
-0.000683
-0.001934
0.009440
0.007286
-0.000658
0.017997
0.010962
0.002870
-0.023474
0.014207
-0.002811
-0.007595
0.015747
-0.007173
-0.010119
0.001340
0.004201
0.007558
0.002739
0.000052
-0.007306
-0.034777
0.012812
-0.000923
0.005230
0.008846
-0.013410
0.006299
-0.038560
-0.008811
-0.002683
-0.022519
-0.013598
-0.015363
-0.010120
0.029513
0.002354
0.031322
0.000951
-0.053823
-0.030439
0.002688
0.008141
0.011939
-0.003269
0.020703
0.010997
-0.000977
0.020181
-0.008186
-0.018290
0.006145
0.032464
0.004445
0.006705
-0.002358
-0.026348
-0.002977
-0.007340
0.003712
-0.004041
-0.031230
0.009851
-0.012666
-0.018619
-0.002752
0.001452
0.029368
0.006547
-0.009441
-0.000371
-0.033885
-0.003265
0.004271
0.015229
0.008057
-0.010901
0.003729
-0.001860
0.007226
-0.001608
0.010592
0.003681
-0.019308
-0.006169
-0.007595
0.012769
0.021244
-0.025000
-0.049162
0.014939
0.017070
0.019768
-0.008808
-0.008589
0.026733
0.003976
0.016238
0.023063
0.006602
0.003030
0.008357
0.014224
0.007048
0.001586
0.000261
0.008633
-0.014496
0.003729
0.000608
0.015104
0.000722
0.011074
0.003794
-0.001640
-0.008429
0.019222
0.001809
0.005797
0.010855
-0.001623
0.008912
-0.000978
0.010000
0.001853
0.005748
0.005441
0.014154
-0.019839
-0.003561
0.007289
0.003089
-0.101947
-0.004029
-0.003444
0.023610
0.007549
0.005746
-0.000442
-0.006295
-0.007761
0.005804
0.009339
0.004555
0.014302
0.013744
0.005299
0.021340
-0.002373
0.003568
-0.013576
-0.006223
0.009264
0.014438
-0.010379
-0.013838
0.008448
-0.072877
0.012894
0.007450
-0.010038
-0.021828
-0.017142
-0.025302
0.006034
-0.001257
-0.014423
0.004160
0.006311
0.029979
-0.048564
-0.021068
0.016286
0.005915
-0.016174
-0.014996
0.006112
0.006032
0.022127
-0.008332
0.027611
0.016915
0.004192
0.008937
0.007538
0.005898
0.002090
0.009995
0.013202
0.003399
-0.018292
-0.011143
-0.011877
0.013158
0.014161
-0.005281
0.012467
0.008862
-0.017760
0.006353
0.004449
0.033166
0.026537
-0.014159
-0.025483
-0.013060
0.028198
0.081009
-0.004324
0.007969
-0.023363
0.004646
0.001439
0.003294
0.022787
-0.028156
0.009228
0.001891
-0.004911
0.004062
0.038729
0.016777
0.013285
-0.002231
0.011787
0.036889
0.011300
-0.029436
0.005659
0.003841
0.019214
0.016448
0.027191
0.003388
0.001846
-0.004474
0.033195
-0.008101
0.007454
0.044649
0.007316
0.026438
0.000271
0.007302
-0.042932
0.003143
0.008008
-0.001537
0.005745
-0.005217
0.010628
-0.009899
0.000477
0.027762
-0.022029
-0.008388
0.000210
0.002724
0.003728
-0.007984
0.013436
0.009932
-0.002179
-0.010116
-0.012691
0.002062
0.006564
-0.019970
0.002243
-0.000343
0.005884
0.010378
-0.003702
-0.000788
-0.025800
0.008014
0.007816
-0.106029
0.006142
0.003242
0.003641
-0.003904
-0.001662
-0.003710
0.008141
0.006788
0.005411
-0.004612
-0.007867
0.034143
-0.000256
0.008487
0.010933
0.008039
-0.016164
0.003368
-0.002108
-0.006894
-0.002674
-0.013860
-0.017505
0.008016
0.017709
-0.010385
0.002187
-0.005861
-0.009668
0.011678
0.006455
0.001535
0.001257
-0.007216
-0.008850
-0.002060
-0.007079
0.002483
-0.012815
0.015999
0.003441
0.026747
-0.012052
0.011609
0.001041
-0.019410
-0.002108
0.010147
0.008690
0.000909
0.009380
-0.011182
-0.002203
0.018273
-0.003524
0.000804
0.000528
-0.048437
0.011204
-0.007481
0.021350
-0.002024
0.008982
-0.000348
0.009001
-0.001199
-0.002643
0.010816
-0.013862
0.006407
-0.006035
-0.007778
-0.016866
-0.003119
0.010091
0.013780
-0.008541
0.005653
-0.033383
0.039488
0.010598
-0.003587
0.006014
0.026389
0.005023
-0.003582
-0.009393
0.031255
0.009303
-0.060699
0.001112
0.012135
0.016454
0.004141
0.013475
0.000381
-0.009813
0.008926
-0.000158
0.010960
0.011108
0.008665
-0.019138
0.002243
0.022239
0.002939
-0.013487
0.008856
-0.011645
0.004509
-0.008606
0.006653
0.003840
0.013695
0.040889
0.006761
0.033875
0.005212
0.016136
0.013111
-0.004347
-0.012446
-0.002658
0.042356
0.028433
-0.013238
-0.020243
0.007883
-0.003799
0.021679
0.028324
0.014470
-0.004073
0.007315
-0.000126
-0.002783
0.009606
0.024065
0.031362
0.011825
-0.011191
0.042295
-0.007541
-0.007354
0.009117
-0.013222
-0.007825
0.005921
0.006111
-0.006305
-0.008157
0.008321
0.006200
-0.018126
-0.011984
-0.020634
-0.013845
0.008943
0.000193
-0.000666
0.028990
-0.000248
-0.004720
0.013324
0.022013
0.003861
0.015629
-0.000120
0.032813
-0.012661
-0.010339
-0.007392
0.003809
0.006675
-0.006285
0.025365
-0.006262
-0.013035
-0.015810
-0.039441
-0.005315
-0.010698
0.008321
-0.003664
-0.010167
-0.000031
-0.003677
-0.001857
0.000853
0.017687
0.026925
0.000143
0.025310
0.009330
0.001677
0.003269
0.004258
0.012439
0.005397
-0.005805
0.007534
0.024509
0.012115
-0.009372
-0.008386
0.011342
0.007086
-0.026723
0.016502
0.013208
0.066083
-0.005082
0.004196
-0.027608
0.000806
-0.003087
0.002272
-0.002021
0.064749
0.014045
0.018518
-0.007870
-0.249442
-0.004633
0.031401
0.041269
0.010338
-0.012941
-0.015215
-0.008674
-0.010323
-0.012048
0.013573
0.006702
0.002246
0.002430
-0.008229
0.001421
-0.009763
-0.000854
0.008521
0.023765
-0.026086
0.003729
0.075783
-0.010813
-0.022077
-0.013285
-0.020234
-0.001193
0.007976
0.006451
0.009127
-0.000398
0.036302
0.025651
0.019750
0.037045
0.006065
0.009609
-0.003759
0.005140
0.000694
-0.002344
-0.003811
-0.001872
0.025812
0.007144
-0.203657
0.009921
0.005693
-0.000224
0.008068
0.010162
0.011824
0.024884
0.000889
-0.002490
0.007638
-0.008895
-0.001404
0.002807
0.013495
0.003327
0.009201
-0.003035
-0.006395
0.007507
-0.002552
-0.013715
-0.005704
0.007085
0.001330
-0.013283
-0.000551
-0.006085
0.003354
0.000368
0.003508
-0.010826
-0.021902
-0.001019
0.008656
0.014837
0.017912
0.004326
-0.016714
-0.031675
0.006371
0.003818
0.009446
-0.006377
-0.001664
-0.013780
0.030392
-0.002983
0.004199
0.008003
0.007011
0.010753
0.007477
0.018028
0.002481
-0.022008
-0.011340
0.014625
0.014241
-0.002932
-0.014256
-0.005121
0.000324
0.007425
0.005281
0.021927
-0.000379
-0.004784
0.023651
0.009031
0.007759
-0.007839
0.004586
-0.016489
-0.000807
0.009347
0.015234
-0.009162
0.002172
-0.000612
0.005496
0.007307
-0.000424
-0.001973
0.003344
0.003672
0.008919
0.017702
-0.017301
0.009512
0.000198
0.016056
0.007551
0.000390
-0.014109
-0.005640
0.005190
-0.002288
0.003537
-0.008846
0.005216
-0.009059
-0.001589
0.012541
0.003963
0.007865
0.004529
0.000491
0.004349
0.007177
0.004619
0.031991
0.000040
0.002729
0.000222
0.002197
0.007467
0.003656
-0.003982
0.004706
0.009205
0.000318
-0.018015
0.029559
0.010161
-0.054885
0.111618
0.004544
-0.004012
0.014149
-0.006127
0.005841
0.007731
0.004321
0.004627
0.017302
0.005287
0.001571
-0.000934
0.011877
-0.016135
0.006893
0.003576
-0.005366
-0.003106
0.001317
0.355088
-0.003517
-0.021282
-0.002813
-0.002942
0.011814
0.003185
-0.005429
-0.001245
0.007414
-0.021083
0.025381
-0.000534
-0.017744
0.004626
-0.013430
-0.010340
0.018647
0.004674
-0.005387
-0.000748
0.017545
-0.001392
0.006432
-0.008851
0.001328
0.002799
0.031214
-0.011071
0.003623
-0.013070
0.006875
0.011573
0.005943
0.022908
0.012274
0.030771
-0.005014
0.001407
0.004081
-0.026617
0.003722
-0.005778
-0.008880
0.003855
0.006935
-0.004259
0.000361
0.005603
-0.006527
-0.006559
-0.003133
0.008533
0.006423
-0.002714
-0.012265
0.006760
-0.025944
0.006546
0.029756
-0.014964
-0.005588
-0.014942
0.002416
-0.008378
-0.005281
0.000643
-0.004109
-0.004461
0.007173
-0.003683
0.004443
-0.004097
0.000250
-0.011879
0.008829
-0.020468
0.007287
0.029308
0.001496
0.004576
-0.009917
-0.007641
0.007650
-0.002595
-0.002286
0.043528
-0.021383
0.015270
0.012542
-0.009764
0.007321
-0.009243
-0.011730
-0.003752
-0.050062
-0.012800
0.032040
-0.004519
-0.002272
0.011004
0.012898
0.013081
0.005733
0.003052
0.007068
0.002059
0.010736
0.002926
0.010511
0.030799
-0.015428
-0.008853
0.005162
0.031344
-0.005916
0.013195
-0.005407
-0.041449
-0.003320
0.010165
0.002530
0.005666
0.010428
0.005383
-0.003675
-0.001696
-0.002444
0.003655
-0.027102
-0.014114
0.007680
0.009565
-0.030196
0.010801
0.001760
0.001433
-0.005321
0.001326
0.019853
0.009284
-0.020510
0.006985
0.013948
-0.003236
0.002093
0.003968
0.011520
-0.014494
-0.000099
0.005377
0.009848
-0.000249
-0.002431
0.000994
0.000274
0.003105
0.043558
0.016310
0.032734
-0.002866
-0.011138
-0.007410
-0.003869
0.016534
0.004465
0.096721
-0.001092
-0.006214
0.013303
-0.032151
-0.032870
-0.035537
0.007663
0.013892
0.007825
0.001648
0.012698
-0.004331
-0.006666
-0.020344
0.003729
-0.048583
0.008226
0.003613
-0.010662
-0.006751
0.029746
-0.029681
0.055856
-0.010781
0.008079
0.010857
0.005335
0.003896
0.002151
0.017391
0.012866
0.011044
0.022009
0.003177
-0.001779
-0.009863
-0.007294
-0.010284
0.001052
0.001539
-0.007485
0.004544
-0.000421
0.009897
-0.016411
-0.003172
-0.012346
-0.007217
-0.013756
-0.011515
0.027587
-0.007171
0.023361
0.006322
0.006592
-0.008907
-0.004465
-0.003955
0.003408
-0.002327
0.006095
0.095556
0.001377
0.005222
-0.005458
-0.011387
0.052340
-0.013478
-0.008674
0.030137
0.002668
-0.050424
-0.011212
0.016943
0.011987
-0.014925
-0.036332
-0.014453
0.001274
-0.005135
0.012346
0.015518
-0.006650
-0.004631
-0.009883
0.010990
0.004053
0.010934
-0.000613
0.001664
0.003119
-0.005034
0.007414
0.009819
0.005474
-0.001025
-0.006539
0.008188
0.007820
0.004661
0.007465
0.012671
0.002775
0.000046
-0.027989
-0.003741
0.024842
-0.019573
-0.009844
0.014942
0.038852
-0.010335
0.008556
0.006481
0.023253
-0.011646
-0.006419
-0.006782
0.015472
0.007026
0.020248
-0.005986
-0.005109
-0.002344
0.005163
0.002289
0.004755
0.005245
0.004643
0.004965
0.007316
0.010165
-0.000801
0.014498
-0.013491
0.001050
-0.002022
0.000394
-0.008054
0.003700
0.004427
0.008098
-0.004240
0.001208
0.002666
-0.003757
-0.005168
-0.001004
0.009472
-0.004260
-0.002838
-0.001573
0.018063
-0.005106
-0.023870
-0.016579
0.008831
-0.005593
-0.011984
0.024600
0.013757
0.018903
-0.020557
-0.003686
0.018011
-0.005283
-0.007172
0.019630
-0.027569
0.002325
0.018802
-0.008185
-0.009739
-0.006529
-0.006233
0.015703
0.006843
-0.001235
-0.010570
-0.012061
-0.006825
0.034210
-0.028628
-0.056413
0.005289
-0.140353
-0.025452
0.003903
0.013953
0.013190
0.037309
-0.027553
-0.014973
-0.062822
-0.000650
-0.006029
0.012677
0.002954
0.002703
0.025642
0.003441
-0.085669
0.002894
0.001652
0.006638
0.001835
0.045805
0.014436
0.002900
-0.014128
-0.000358
0.011433
-0.007788
0.012043
0.068630
0.017505
0.006505
-0.014462
0.007752
-0.013911
-0.009602
0.013141
-0.003918
-0.020253
0.008447
0.030522
-0.007843
0.004363
-0.024183
0.013671
0.008221
0.030892
-0.001005
0.017234
-0.020008
0.012239
0.042563
0.025628
0.014851
-0.021708
0.000709
0.000651
0.011355
-0.011742
-0.002920
-0.000919
0.006405
-0.005566
-0.031985
0.006062
0.000819
0.002269
0.001277
-0.004412
0.022038
-0.007048
-0.010642
-0.021508
0.000916
-0.009419
0.002028
0.013679
-0.020495
-0.002084
0.002308
-0.008884
-0.003328
-0.023135
0.012931
0.004653
0.013097
0.011335
-0.007346
0.005008
0.004629
0.010722
-0.002562
0.004764
-0.005525
0.007266
-0.002036
-0.030904
-0.000790
0.000683
0.017166
-0.011666
-0.002685
0.005334
-0.003900
0.007532
0.005072
-0.020875
0.002605
-0.015549
0.035367
0.002527
-0.000673
0.003704
-0.010698
0.007073
0.004820
-0.011634
-0.003784
-0.002695
-0.018932
-0.017424
-0.000365
-0.369614
0.022542
0.005294
-0.009831
-0.013757
0.001506
-0.004422
0.000233
0.011182
-0.008704
-0.020577
-0.002944
-0.006399
0.004316
0.010127
-0.010286
-0.009666
0.000302
-0.014705
0.004305
0.009092
-0.023946
-0.022585
0.003474
-0.009743
0.006011
0.006870
0.002294
-0.032435
-0.046657
0.006172
0.003385
0.001827
-0.007796
0.007473
-0.020179
0.029528
-0.010226
-0.015111
-0.008074
-0.025350
-0.000240
0.003984
-0.002305
0.000710
0.014759
-0.001398
-0.010517
0.007072
-0.000971
0.006988
-0.003386
0.016161
-0.000685
0.007305
-0.000379
-0.000370
-0.001519
-0.011242
0.001016
0.013449
-0.008225
0.005901
0.006696
0.007097
-0.001444
0.048960
0.013927
-0.003330
0.002942
0.014785
0.023334
0.001807
-0.005879
-0.006489
0.004605
-0.009294
-0.023144
-0.020307
0.025277
0.004978
-0.018119
-0.020503
0.001981
0.021111
0.000569
-0.000837
-0.004063
-0.000741
-0.003677
0.004922
0.007590
0.006574
0.017042
0.012769
-0.026903
0.004134
-0.004234
-0.016120
-0.001348
0.002406
-0.008348
0.007332
-0.026162
-0.004769
0.014147
0.003493
0.002441
-0.004012
0.004216
0.019922
0.011745
-0.022418
-0.021616
-0.023500
-0.011863
-0.009644
0.016382
0.018987
-0.002247
0.043917
0.007447
0.020666
0.019040
-0.004205
-0.008816
-0.003570
0.005252
-0.014292
0.011538
0.007361
0.020368
0.008653
0.001523
-0.009364
-0.036338
-0.000031
0.011898
0.002567
0.003758
0.003655
-0.007504
0.001752
0.004122
-0.007890
0.002838
-0.007739
-0.033046
0.000048
0.004782
-0.018223
-0.023319
-0.086157
-0.007371
0.009739
-0.005174
0.012853
-0.039244
0.046884
0.020799
-0.016616
0.012779
-0.013812
-0.014120
-0.002653
-0.020074
-0.006471
0.002159
0.025674
0.018894
0.005608
-0.006260
-0.130263
-0.000116
-0.009856
0.091378
0.003697
-0.004240
0.009386
0.018594
0.005018
-0.018026
-0.000309
-0.003648
-0.011723
0.137275
0.007529
0.013421
0.000778
0.003948
-0.002998
0.001926
-0.008760
0.019381
0.018442
-0.003436
0.003953
-0.005394
-0.012011
0.012530
0.007364
0.009054
-0.019816
0.006870
0.005583
-0.005191
0.000940
0.011172
0.007450
-0.020351
0.003957
-0.052002
-0.007932
-0.000162
0.019171
0.002264
0.004557
0.006744
0.018336
0.003931
0.012942
-0.002876
0.011088
0.020765
0.021877
-0.008130
-0.002311
-0.003322
0.008191
0.004450
-0.018202
0.005732
0.004707
0.004124
0.027258
0.013113
0.040966
0.008103
-0.007334
-0.009036
0.006374
0.009861
-0.001503
-0.005610
-0.028545
0.005310
0.018524
-0.013845
0.023442
-0.004355
0.029095
0.004380
0.002739
-0.033918
-0.012276
0.096730
0.029745
0.000841
-0.002726
-0.009928
-0.027390
0.011625
0.051246
-0.011599
0.011752
0.000302
-0.002124
-0.005733
-0.007258
0.014237
0.006246
0.010225
-0.008744
-0.017415
0.013046
0.015179
-0.000231
-0.010356
0.004367
0.004312
-0.013066
0.005640
0.009950
-0.008087
-0.000388
0.012172
-0.011617
0.005756
-0.012163
0.005800
0.024516
0.011229
-0.022804
0.009408
0.012796
0.042705
0.031915
0.003641
0.019100
0.006907
-0.041930
0.002668
-0.004252
-0.005176
0.003178
0.006320
0.012310
0.009436
-0.003312
-0.011258
-0.003080
0.011667
-0.011853
-0.004475
-0.039176
-0.002862
-0.004367
-0.000764
0.001264
0.005391
0.000834
-0.007782
0.008811
0.010378
0.011936
-0.001551
0.036977
-0.011083
0.001465
0.011260
0.002198
0.030550
-0.002983
-0.023047
-0.008175
-0.001866
0.016614
0.005076
0.004694
0.015594
-0.002606
0.012863
-0.002287
0.010603
-0.003691
-0.015494
-0.034204
0.002175
0.054244
-0.001832
0.007165
-0.008076
0.004748
0.007771
0.004451
0.014439
0.002078
0.008937
0.017753
0.008036
-0.014773
0.007624
0.004213
-0.007240
0.008622
0.014896
0.000756
0.005245
0.006364
0.008251
0.004917
-0.004990
0.012572
-0.012906
0.012843
0.022926
0.016711
0.002598
0.026949
0.010196
-0.003747
0.009163
0.002783
-0.004614
-0.004373
-0.011040
0.005933
0.003121
0.009978
-0.016084
0.013999
0.008151
-0.093468
0.027821
-0.001361
-0.008473
0.000387
0.003429
0.015470
0.010197
0.006400
0.011018
-0.011652
0.025877
0.016762
0.009579
-0.014172
0.003194
0.006961
0.008957
0.043621
-0.013586
0.074450
0.009637
0.011882
-0.003942
0.003944
-0.093662
-0.000665
0.011596
-0.014840
-0.002923
-0.421446
-0.000910
0.016292
-0.038546
-0.017695
0.009163
-0.012072
-0.037196
0.012129
0.005568
-0.026342
-0.008775
0.009406
0.001847
-0.011756
0.006279
0.003063
0.006167
-0.037066
-0.004820
-0.018355
-0.002494
-0.019556
0.014800
0.036925
0.003853
0.000101
-0.011363
0.019198
-0.007819
0.011225
-0.000164
-0.009652
-0.010699
-0.002660
-0.032113
-0.015348
-0.003949
-0.013424
-0.013045
0.020598
-0.038004
0.007398
0.013930
-0.008201
0.016093
-0.000707
0.008784
-0.001790
0.011448
0.015063
-0.002641
0.009864
0.009436
0.000432
-0.009913
0.003508
-0.028249
0.004253
0.019495
0.002445
0.012835
-0.014187
0.008658
0.011328
0.002728
-0.000954
-0.032087
0.018099
0.001175
-0.004186
-0.009270
-0.003746
-0.012885
-0.010595
0.010927
-0.006017
-0.079894
0.013331
0.011590
0.019235
0.013484
-0.058871
-0.012177
0.013275
-0.003678
-0.020320
0.000658
0.016524
-0.021368
-0.039057
-0.003022
-0.006977
0.004080
-0.006239
0.007133
0.003283
0.003029
0.000849
-0.009496
-0.002316
0.008024
0.004372
0.011547
0.016902
-0.022268
0.021112
-0.004268
0.002419
0.004525
0.158909
0.036497
0.013245
0.009948
0.000990
0.003309
0.007552
-0.004803
0.001150
0.005667
-0.011801
-0.001599
0.004068
0.015749
-0.005526
0.006797
0.004785
0.019156
0.006258
0.005312
-0.006893
0.002708
-0.003703
0.009980
0.017232
-0.002900
0.001624
-0.026879
-0.001638
-0.002539
0.029954
0.005739
-0.004512
-0.004618
0.017253
-0.022415
0.003979
0.015488
0.006647
0.013525
0.006315
-0.002846
0.001104
0.082337
0.000452
-0.053912
-0.023255
0.006681
-0.003197
0.007242
-0.015425
0.006020
0.007395
-0.015212
0.006847
0.004871
0.002093
0.002092
-0.009019
0.001378
-0.041883
-0.001468
-0.013937
-0.001360
0.007846
0.002328
0.011168
0.004729
0.001745
-0.002410
0.030673
-0.008866
-0.036273
0.005280
-0.006711
0.001140
-0.012058
-0.015010
-0.001774
-0.003975
0.008961
0.036741
-0.005728
-0.007507
0.016972
0.004268
0.005822
0.015713
0.011530
-0.004907
0.009260
-0.001569
0.009489
-0.000141
0.002530
0.018137
0.001507
0.039102
-0.016584
-0.006968
-0.004949
0.001377
-0.011451
0.007081
-0.001795
0.003338
-0.004423
0.017906
0.000982
0.012265
-0.024940
0.005122
0.009160
0.006264
-0.019086
0.007158
-0.011839
0.011733
0.003565
-0.010539
-0.003557
0.009616
0.006716
-0.000238
0.011542
0.002489
0.014075
-0.004983
-0.014266
0.009778
-0.001083
0.008483
-0.004183
-0.018610
-0.005044
-0.003907
0.004336
0.002279
-0.000826
-0.028690
-0.003210
0.018003
-0.001243
0.012845
-0.005661
-0.005380
0.011014
0.002909
-0.001763
-0.001260
-0.021136
0.029355
0.000602
0.006769
0.009100
0.020322
-0.012413
-0.017130
0.006232
0.009225
0.007387
0.010758
0.013527
-0.004878
-0.013446
0.054980
-0.004513
0.012694
-0.010141
0.052458
0.006647
0.004205
-0.026477
0.003234
0.003742
-0.005254
-0.016631
-0.013703
-0.000197
-0.002385
-0.007855
0.000892
-0.014696
0.004407
0.004674
-0.029554
-0.002088
-0.001211
0.002090
0.003015
-0.010102
0.003056
-0.033642
-0.000713
0.001277
0.004357
0.092054
0.002397
0.058984
0.009278
-0.001797
-0.009148
0.016172
0.009776
0.007762
-0.008695
0.001069
-0.020318
-0.000036
0.021974
0.007442
0.005835
0.004467
0.011279
0.008814
0.012323
-0.000026
0.001089
0.009840
0.022095
-0.003694
0.007700
0.004847
0.005791
-0.003530
0.003696
0.008352
-0.007447
-0.009024
0.001151
0.019717
0.009623
-0.005726
0.024120
0.004805
-0.001653
0.003780
0.006057
-0.011408
-0.024265
-0.024950
0.037255
0.000565
0.016696
0.001597
0.015278
0.014006
0.008962
0.004302
-0.008716
0.003052
0.001048
-0.014339
0.023151
0.004674
0.016116
0.015234
-0.012870
-0.002041
-0.018256
0.058750
-0.016168
-0.006283
0.008181
0.007321
-0.005448
-0.021898
0.009581
0.003086
-0.004392
0.001753
-0.005132
0.008897
0.041894
-0.049870
0.009149
0.006931
0.002443
-0.014705
0.006997
0.006910
0.005447
0.017665
-0.007613
-0.000036
-0.018907
-0.001234
-0.002708
0.002454
0.005145
-0.011798
0.001843
0.005430
0.011661
-0.007616
0.005460
-0.009543
-0.008543
0.011821
0.006792
0.007742
-0.004807
-0.005964
-0.000633
-0.012425
-0.086964
0.003886
0.007745
-0.011992
-0.007472
-0.003645
0.001064
-0.005472
-0.011633
-0.004617
0.014898
0.007099
0.006742
0.005660
-0.009960
0.015564
-0.004174
0.012894
0.008282
-0.001501
-0.009985
-0.007711
0.000922
-0.002123
-0.024268
0.013739
0.022106
-0.028551
0.014522
-0.003620
-0.002941
-0.012724
-0.006387
-0.051135
-0.001036
-0.006693
-0.047968
0.007576
0.007542
0.012419
0.005965
0.007313
0.005225
0.005267
0.021571
0.010035
-0.000112
0.009673
0.010303
-0.003739
0.003590
-0.008783
-0.025329
-0.030648
-0.015296
-0.006909
-0.005556
-0.005373
-0.001867
0.089190
0.007424
0.006920
0.008143
0.008993
0.005399
-0.023011
0.006037
-0.001177
0.005807
-0.018507
-0.017634
0.002985
0.008345
0.014366
-0.001732
-0.010728
0.004995
-0.004763
0.005191
0.010643
0.003723
0.045714
-0.003945
0.008114
0.072921
0.121059
0.003636
0.042151
0.004788
0.005202
-0.001318
0.006457
-0.073381
0.012963
-0.002529
-0.064689
0.005385
-0.028037
-0.005480
-0.189921
-0.005575
0.005458
-0.003227
0.077419
0.001574
0.000883
0.003320
0.014711
-0.008229
0.008357
0.005745
0.087614
0.001907
-0.004531
0.013341
-0.004121
0.004830
0.006569
0.008997
-0.006796
-0.009586
0.004787
-0.026416
0.020245
-0.010388
0.008032
-0.000787
-0.008879
0.002703
0.001715
-0.006142
0.020490
-0.088440
-0.018538
0.007757
0.009795
0.003180
-0.006891
0.000173
0.005053
0.009857
0.013413
0.010831
0.013259
0.003465
-0.026076
0.001915
0.009431
-0.007253
0.014137
-0.034127
0.012351
0.005634
0.011062
0.014777
-0.001662
-0.012888
0.001011
-0.007640
-0.015530
-0.011127
0.005038
0.001064
-0.013143
0.015175
0.026420
0.008910
-0.009700
-0.009674
0.009421
0.006564
0.010003
0.001686
0.003774
-0.012413
0.018855
-0.011498
0.002869
-0.002424
0.004288
0.013736
0.008209
0.014237
0.023549
-0.005971
-0.005376
-0.000562
0.002782
0.007806
0.004634
0.037120
0.002104
0.011560
0.026206
-0.013825
0.000090
0.003253
0.003726
0.012064
0.008147
0.015493
0.008230
0.005715
0.010224
-0.051808
-0.006868
-0.010569
0.056583
-0.005862
0.009697
0.006163
0.009293
0.007932
-0.009300
0.002944
0.008248
-0.035664
-0.015933
0.001267
-0.006582
0.009571
0.004127
0.004814
0.008984
0.004078
0.040413
0.007787
0.040808
-0.003696
-0.012280
0.014394
0.012701
0.005920
0.025182
0.010806
0.009798
0.002259
-0.001241
0.007477
-0.010015
-0.001926
0.011739
-0.016009
0.041844
-0.007837
0.003711
0.005979
0.011862
0.012107
0.006906
0.020763
-0.002818
0.009482
-0.012306
-0.003646
0.005211
0.000503
-0.006947
-0.019044
-0.006759
0.002321
0.003987
-0.011522
-0.012521
-0.015506
-0.010094
0.007464
0.004942
0.000053
0.003979
0.010459
0.007674
0.020110
0.012885
0.001901
0.025276
0.000425
0.000339
-0.012091
-0.005296
-0.008258
0.005216
0.006232
0.007589
0.003805
0.071220
0.011497
-0.000935
0.010338
-0.010902
0.002664
0.004099
0.036926
-0.003192
0.011098
0.002815
-0.000953
-0.397129
-0.041987
0.011282
-0.013079
-0.001183
0.018779
0.112709
0.001162
0.002703
0.015029
0.007597
0.003510
-0.006725
0.002676
0.002466
-0.027209
0.008740
0.001560
-0.011288
-0.003067
-0.048914
-0.000693
0.003180
-0.010363
0.078784
0.000658
-0.011777
0.001615
-0.037649
0.005887
0.018094
-0.003878
0.008331
-0.013967
0.002755
-0.002723
0.011418
0.012380
-0.001022
0.003936
0.002995
-0.007454
0.016834
0.004697
0.029309
0.020064
-0.003482
0.000132
0.004089
-0.009512
0.030858
-0.000036
0.001185
-0.006076
-0.012955
-0.006519
0.007576
-0.009381
-0.009437
0.009212
0.008459
-0.015441
-0.000652
-0.006184
-0.003818
0.028829
-0.026001
0.006693
-0.001922
-0.032147
0.011387
-0.021224
0.005838
-0.010183
-0.010234
-0.022152
0.036874
0.007593
0.070930
-0.040873
0.012167
0.009196
0.015307
0.006726
-0.023520
-0.007509
-0.071331
-0.002925
-0.027122
-0.005159
0.005841
-0.004888
0.006394
-0.039835
-0.000533
0.006445
-0.011601
-0.002240
-0.016235
0.008932
0.007218
0.007503
0.007401
0.010980
-0.014009
0.003319
0.110457
0.004241
0.009030
-0.001307
-0.026125
-0.017065
-0.014562
0.007660
0.009903
-0.004457
0.007014
0.020721
0.014685
0.011910
-0.015011
-0.010257
0.012914
0.002199
0.001680
0.010988
0.002299
-0.000599
-0.002320
0.010036
-0.038266
-0.024279
-0.005078
0.036380
-0.000162
0.016843
0.014157
0.012816
0.000790
-0.001363
0.011506
-0.008272
-0.006121
0.008238
0.004740
0.009314
-0.013853
-0.009338
0.017909
0.011590
0.008177
-0.016186
0.056529
0.019858
-0.025493
0.013579
0.014114
-0.019610
-0.027220
-0.001058
0.001363
-0.015581
0.000726
-0.009128
-0.011293
0.010960
-0.000472
-0.008040
0.002805
0.013478
0.013444
0.009394
-0.004441
0.007478
-0.025770
0.004832
-0.023301
0.000505
0.008728
-0.009296
0.005159
-0.001189
-0.011513
0.005959
0.004286
-0.005695
0.007231
0.014972
-0.000567
0.004072
0.000263
-0.002432
-0.001643
0.014823
0.009840
0.005432
-0.041090
-0.009620
0.015937
0.005597
0.009096
0.000381
-0.013186
-0.004429
-0.008590
0.010794
0.003359
0.075507
0.033109
0.003106
-0.028092
0.009464
0.011841
0.050761
0.005140
0.012594
-0.016848
-0.004459
0.020450
0.019942
0.005594
0.006431
0.004324
0.008937
-0.020791
0.009744
0.034935
0.013124
0.007324
-0.014729
-0.012658
-0.001709
0.015366
0.007926
0.009775
-0.009151
0.028208
-0.018070
0.006815
0.009802
-0.002074
0.020386
-0.031284
-0.007796
0.001109
0.001427
-0.005010
-0.011363
0.000165
0.005802
0.005890
0.005028
0.010176
-0.003259
0.004189
0.000488
0.009849
0.008000
0.012696
-0.023499
-0.002777
-0.003353
0.022180
0.013285
0.003300
0.000876
0.007301
-0.001564
-0.056346
0.000412
0.006266
0.000809
0.003830
-0.002588
-0.002058
-0.002280
0.020927
-0.016465
-0.006703
0.007350
0.010792
-0.001218
0.007231
-0.002690
-0.010104
0.017826
0.020038
-0.001181
0.013367
-0.006140
-0.016984
0.030691
-0.023748
0.002830
-0.006009
0.017027
-0.000699
0.011771
-0.001165
0.007747
0.028187
-0.005093
0.004712
0.012034
-0.001397
0.018562
-0.003343
0.041181
0.022955
-0.010853
0.018995
0.001167
0.020817
0.008031
0.013753
0.001866
-0.019837
0.058067
-0.003384
0.022280
0.001339
0.011598
-0.004985
0.000161
0.006974
0.006346
-0.018550
-0.030855
0.008913
-0.000803
0.003716
-0.002400
0.010581
0.015394
0.001904
-0.011837
0.034718
0.005435
0.007818
0.015393
0.004212
-0.045246
0.026559
0.004748
0.001512
0.019819
-0.019472
0.013125
0.008451
0.008706
0.002097
0.004214
-0.007327
-0.006260
0.002181
0.002285
0.016849
0.010097
-0.008176
0.075198
0.041070
0.017002
0.012646
0.003921
0.018851
0.004569
0.003258
-0.001426
-0.000399
0.007803
-0.020087
-0.000338
0.003196
0.007022
-0.005296
-0.006779
0.007215
0.018479
0.002586
-0.001499
0.009180
0.002758
-0.005564
0.039719
-0.016930
0.004200
-0.001853
0.010784
0.006205
0.015474
-0.007451
0.006607
0.002845
-0.000277
0.018186
-0.002709
0.006625
0.015972
-0.001535
0.025894
0.009158
0.009824
-0.007645
-0.000241
-0.093854
0.006075
0.006080
0.018215
-0.015631
0.005713
0.011333
-0.000514
0.034942
-0.009813
-0.005158
0.006582
0.017074
0.007110
-0.002269
0.022083
0.009221
0.005486
0.017542
-0.004062
0.006470
0.004117
-0.001645
-0.006195
-0.000591
-0.205486
0.002687
0.003953
-0.001062
-0.004399
0.005690
0.007239
0.004451
-0.004502
0.007469
0.032246
-0.008535
-0.339499
-0.012376
-0.019861
0.003989
0.000001
-0.007611
0.004826
-0.007915
0.013667
0.009970
0.004266
-0.014692
0.016308
0.006003
0.001541
-0.232107
-0.003996
0.009046
-0.021599
0.010171
0.013386
0.008504
-0.013738
-0.001006
-0.007557
0.012529
0.010952
-0.006351
0.018018
-0.010432
-0.036860
-0.027926
0.020902
0.002113
0.007291
-0.014911
0.005834
-0.015876
0.015684
-0.003176
0.004175
0.032180
0.013416
-0.017252
-0.000056
0.008096
0.007322
-0.002628
0.005909
0.002124
0.004631
0.001170
0.004985
-0.012480
-0.000478
-0.024625
0.005575
0.002876
0.005963
0.006881
0.004109
0.007110
-0.001980
0.014869
0.018690
0.004435
-0.026003
-0.003798
0.008424
-0.058091
-0.006274
-0.006542
-0.082050
0.184470
0.012756
-0.015379
-0.003732
0.001535
0.020350
0.005408
-0.008036
0.033049
0.007103
-0.002161
0.005181
-0.000082
-0.011988
-0.014457
-0.000076
0.010306
-0.056822
-0.000268
0.022486
-0.004205
-0.047309
0.002504
0.002320
0.006464
0.010009
0.002280
-0.024282
0.002378
0.002725
0.001395
0.019210
-0.008110
-0.101573
0.025016
0.004140
-0.010472
0.001656
-0.009806
0.007745
0.009282
0.007992
0.017260
0.011413
-0.000406
-0.006462
0.003999
0.001468
0.028333
0.025000
0.005900
0.020110
0.000131
-0.000738
-0.012660
0.007457
0.000588
-0.010451
-0.011739
0.033788
0.012834
-0.003565
-0.040086
0.007859
0.017373
-0.013678
0.008303
0.008748
-0.100821
0.005660
0.012498
0.004773
0.107132
-0.011588
-0.012692
-0.000142
-0.011579
-0.001434
-0.003628
0.027297
0.012550
0.019058
0.019021
0.007882
0.004616
0.000067
0.016026
0.009763
-0.001142
0.006924
0.012769
0.017528
0.030641
0.002880
-0.017576
0.013628
0.016376
-0.003568
0.013559
-0.015155
-0.022539
0.016009
-0.006841
0.000982
0.002125
0.012155
0.013056
0.003632
0.039320
-0.026924
0.009830
0.010548
0.000682
0.013525
0.003481
0.007034
-0.015557
0.006362
-0.002286
0.001205
0.001618
-0.004692
0.055189
0.007726
-0.013845
0.005066
-0.000005
0.007847
0.003414
0.010734
-0.010183
-0.000901
-0.026670
0.009356
0.009039
0.006521
0.009976
0.017577
0.020904
-0.002425
0.002663
-0.030409
0.000896
-0.004328
-0.000217
-0.008627
-0.007989
0.006285
-0.009377
-0.012747
0.006066
0.004822
0.000207
0.008129
-0.004919
-0.016964
-0.007775
0.000380
-0.000631
0.010228
0.000299
-0.005568
0.004254
-0.004990
0.033630
0.006995
0.004613
0.010757
0.027661
0.010073
0.000779
-0.019582
0.011499
0.009662
0.038588
0.013130
0.011169
0.006767
0.015916
-0.009007
0.006666
-0.009025
0.000290
0.020141
0.001466
0.018753
-0.007032
-0.000598
0.004098
0.006772
-0.020220
-0.024067
-0.002753
-0.005129
0.004478
0.003514
0.009447
0.008457
0.002896
-0.003892
0.011940
0.049782
0.002657
0.024358
0.012962
-0.000830
-0.031241
0.002249
0.009651
0.004171
0.018559
-0.016113
0.007266
-0.002667
-0.015868
-0.010595
0.000463
-0.014882
-0.022976
0.003396
-0.003654
-0.022226
0.010530
0.003826
-0.009999
-0.001586
0.005882
-0.003786
0.000641
0.011909
-0.007368
0.003796
-0.017075
0.013232
-0.002851
-0.006374
-0.008712
-0.007748
0.027366
0.003410
0.003383
-0.016019
0.016201
0.013956
-0.004124
0.008719
-0.012830
0.038661
-0.000475
0.007183
0.010831
0.010921
0.001245
-0.005282
0.005022
-0.016414
0.025102
0.004495
0.010269
0.046060
0.017173
-0.010435
0.007621
-0.010267
-0.000005
0.049561
-0.007444
0.002489
-0.011669
-0.018314
-0.000131
0.022739
0.001757
0.002590
-0.005709
-0.002733
0.005977
0.005612
-0.026307
-0.024369
0.012156
0.005951
-0.016337
0.001726
0.004779
-0.006573
0.000437
0.001770
0.003104
0.000097
0.014432
0.001082
0.003128
0.010424
0.049010
-0.016618
-0.008169
-0.000498
-0.011817
0.008333
0.006000
-0.010381
-0.111204
0.010109
0.011106
0.004256
0.009366
-0.003692
-0.005034
0.007174
0.006737
0.002559
-0.003988
-0.012399
0.003857
0.005565
-0.003999
-0.000828
-0.002515
-0.006345
0.003716
0.034663
-0.000641
-0.003454
0.031632
-0.000067
-0.011741
-0.005494
-0.001962
-0.004117
0.004641
-0.006159
-0.009367
-0.015416
0.007859
0.061240
0.007742
0.000604
-0.002667
-0.009506
-0.001018
0.004696
0.001793
-0.007820
-0.053746
0.030655
0.017423
-0.009550
-0.007501
0.018121
0.014620
-0.018796
-0.006333
-0.034467
-0.012617
-0.010710
0.007572
0.017345
0.007914
-0.013710
0.002054
0.007129
-0.020893
0.029800
-0.032813
-0.006486
-0.010523
0.017320
0.000896
0.012807
-0.023521
0.028596
-0.044696
-0.000040
0.002164
-0.010313
0.002883
-0.014197
0.010592
0.009514
-0.014877
-0.016259
0.009500
0.006739
-0.018958
0.001383
-0.001290
-0.006261
0.008296
-0.004818
-0.001409
0.003465
-0.003486
0.009689
0.012574
0.009543
0.012310
0.233559
0.024953
0.010157
-0.011247
0.011813
-0.007556
0.000698
0.007827
0.014185
0.007921
-0.012586
0.016568
0.001313
0.003122
0.013629
0.004685
0.000325
0.025007
0.017988
0.002880
0.000226
-0.003754
0.022057
0.006547
-0.004959
-0.021155
0.001958
0.003191
-0.009781
0.014425
0.008329
0.013372
0.000187
-0.008037
0.012115
0.005654
0.031088
-0.001805
-0.011020
0.002314
-0.009260
0.010474
0.000926
-0.000590
0.005258
0.019509
0.003690
0.014995
0.007349
-0.026060
-0.006117
0.000901
0.006107
-0.168662
0.003149
-0.001208
0.000472
-0.011569
-0.010208
-0.005834
0.001294
-0.001011
0.066644
0.003528
0.005018
-0.016999
0.003414
-0.011231
-0.019930
-0.002601
0.002144
-0.006516
0.009070
0.017828
0.032882
-0.000503
0.039711
-0.013031
0.001562
0.014358
0.001515
0.000471
0.008109
0.008519
-0.005857
0.008105
-0.001315
0.007846
0.001957
-0.022110
0.062051
-0.002848
-0.000521
0.002608
0.006355
0.001350
-0.003335
0.001692
-0.010418
-0.010793
0.005526
-0.010682
-0.008188
0.002761
-0.061126
0.030865
0.018205
0.009587
0.006473
-0.004742
-0.002843
0.007852
0.010602
-0.005993
0.007197
0.014101
-0.006470
0.031061
-0.001378
-0.001771
0.008344
-0.009726
-0.007575
0.010200
0.012656
0.011353
0.000137
-0.095319
-0.039447
0.005776
-0.000621
-0.007672
-0.002872
-0.010713
0.009345
0.070686
-0.019562
0.006524
-0.000967
0.003276
-0.002832
0.007495
0.004223
-0.008395
0.007354
-0.002424
0.004189
-0.003179
0.007819
0.010757
-0.001132
-0.014747
0.010600
-0.010658
-0.082451
-0.010569
0.001791
0.003284
-0.008530
0.009541
0.005503
0.012360
-0.012429
0.059236
0.004775
0.002228
-0.005422
0.003624
0.009149
-0.030422
0.002521
0.009198
-0.046694
0.008622
0.024720
0.003404
-0.015327
-0.048608
0.010681
0.010114
-0.009149
0.014529
-0.016554
0.021922
-0.010511
-0.000779
0.005220
-0.002823
-0.026563
0.009838
-0.002467
-0.017120
-0.017409
0.008752
0.001808
0.016316
0.002613
0.001556
-0.002585
-0.000439
-0.001116
0.010500
0.008056
0.013299
-0.000420
-0.007424
-0.010126
0.001127
0.019218
0.033318
-0.007025
0.022889
0.003481
0.019485
0.021824
0.003796
0.008414
0.004496
0.003370
0.002096
-0.002801
0.005954
0.010102
0.000209
0.005849
-0.025882
0.008153
-0.006855
0.005599
-0.001808
-0.010815
-0.005670
0.002388
-0.030740
-0.017454
0.009335
-0.005662
0.006872
-0.003674
0.002424
0.016750
0.013118
-0.006591
-0.004902
0.010064
0.008141
0.007459
0.001677
0.005987
-0.000727
0.013251
0.002064
-0.006587
-0.008674
-0.003248
0.036780
0.004267
-0.004755
0.004256
0.023089
0.019451
0.003903
0.000403
-0.000776
-0.013443
-0.023432
-0.012783
0.008378
0.006899
0.006435
0.065127
-0.000884
0.001961
0.010860
-0.009371
-0.019325
0.003672
-0.000317
0.006751
0.005620
-0.001080
-0.001671
0.003190
-0.031055
-0.001781
0.003869
-0.004836
0.002704
-0.001051
0.021535
0.005319
-0.014529
0.013693
-0.026828
-0.008741
-0.006087
0.014471
0.003901
-0.003226
-0.019197
-0.020883
-0.002716
0.012146
0.012357
0.006095
-0.008734
-0.021187
0.001894
0.001725
-0.000256
-0.021106
-0.024355
0.001224
0.004958
0.010312
-0.008244
-0.025709
0.009471
-0.009231
-0.016935
-0.009672
-0.011505
0.011032
-0.010781
0.003835
-0.008415
-0.003682
0.022374
-0.006611
0.010139
-0.005620
-0.000532
-0.010424
0.000284
-0.021230
-0.015777
0.001241
-0.013470
0.007165
0.001046
0.011817
-0.021639
-0.014570
-0.016884
-0.015317
0.014508
-0.000245
0.007953
-0.026490
-0.006336
0.016094
-0.003831
-0.010116
-0.023732
0.002448
-0.004178
0.028421
0.006098
-0.016260
-0.018101
-0.005496
-0.021891
0.006885
0.000143
-0.033195
-0.003000
-0.003043
0.002898
0.005902
-0.005289
0.010031
-0.000851
-0.011791
0.001092
0.015411
0.010955
0.014621
0.007251
-0.009565
-0.007400
0.008004
0.012778
0.047960
0.020371
-0.015166
0.011531
-0.007960
-0.003924
-0.003150
-0.006587
-0.009252
-0.045420
0.010052
0.001501
-0.007481
0.048104
0.001858
-0.006567
-0.007550
-0.000033
-0.007409
-0.000690
-0.010468
-0.002602
-0.003091
0.001298
0.004245
-0.004742
0.005600
-0.017242
0.006811
0.010451
0.017713
-0.011633
0.009252
-0.005374
0.009298
0.009305
-0.013944
-0.002677
-0.010548
-0.006055
0.030857
-0.014515
0.003074
0.008723
0.005757
-0.003390
-0.023819
-0.008473
0.003112
0.026342
0.010160
0.003408
0.015629
-0.017482
-0.007240
-0.004032
0.012261
0.010740
0.011846
-0.018267
0.003341
0.003715
-0.012078
-0.001655
0.008556
0.002826
-0.013998
0.051122
0.003664
-0.021671
0.007273
-0.026723
0.012379
0.019377
0.001398
0.008127
-0.017629
0.016903
0.013866
0.015679
-0.009464
0.004827
-0.014769
0.219900
0.015443
0.005833
0.005942
0.230173
-0.011097
-0.012632
-0.004682
0.011105
0.008524
0.001220
0.015021
0.000237
0.001931
0.059580
-0.000862
0.024116
0.021721
0.008422
-0.039397
-0.019204
-0.001079
-0.021717
-0.011497
0.006114
-0.026730
0.000207
0.005680
-0.008789
-0.009236
0.012238
-0.009611
0.004858
0.002297
-0.002862
0.004690
0.020259
-0.002916
0.008009
0.013429
-0.006008
-0.001692
0.006961
0.004289
0.028859
0.000950
-0.003945
-0.007904
0.000704
-0.005088
-0.009679
0.007735
0.014052
0.009062
0.006901
-0.044541
0.001637
-0.006778
0.013065
0.038040
-0.018236
0.005323
0.003969
-0.000179
0.014004
0.010434
-0.007706
0.001166
0.054076
-0.029131
0.004632
-0.013003
0.027303
-0.004514
-0.000522
0.006469
0.013326
0.013284
0.013640
-0.000483
0.009935
0.010176
0.014430
0.015822
0.000541
0.008491
-0.015532
0.006484
0.034431
-0.015167
0.007025
0.017079
0.001174
0.003708
0.005531
0.001767
0.005146
-0.002117
-0.005232
0.007146
-0.002887
-0.002800
-0.000824
0.010958
0.042667
-0.003232
-0.014389
-0.002148
-0.028590
0.026890
0.010350
0.007390
0.008123
0.000973
0.030837
0.009652
0.011807
-0.038510
0.007742
0.013115
-0.039818
0.005957
-0.003927
0.004240
0.008065
-0.000474
-0.014750
0.063972
0.027019
0.006569
-0.000604
0.011416
0.011372
-0.007519
-0.048405
-0.012323
-0.018912
-0.006004
-0.080793
-0.051282
0.009167
-0.015030
0.015000
-0.018652
0.002732
0.002731
0.017423
-0.009429
-0.012017
0.010037
-0.018123
-0.009105
0.013148
0.011438
-0.005489
-0.031307
0.023645
0.005239
-0.002676
0.009586
0.013227
0.005957
0.006864
0.012430
0.011247
0.007575
0.000721
-0.001151
0.000002
-0.013728
-0.006912
-0.079900
0.005597
0.017994
0.009888
0.003278
0.003530
0.006734
-0.016486
0.002460
0.002126
0.023000
-0.011822
-0.021477
0.007616
0.010810
-0.017360
-0.012662
-0.009434
0.001020
0.005855
-0.015527
-0.010851
0.004722
0.001060
0.051146
-0.005462
-0.007264
-0.008299
-0.004080
0.002745
-0.013708
0.010829
-0.001801
0.009977
0.008366
-0.017204
0.000099
0.010778
0.011188
0.003931
0.008446
-0.004987
-0.001128
0.002016
-0.019608
0.004206
0.007872
-0.014550
0.011496
-0.000460
0.033301
-0.028548
0.009341
0.008142
-0.003990
-0.015367
-0.025190
0.008772
0.015421
-0.003551
0.002065
0.001538
-0.005188
0.006736
-0.000617
-0.016187
0.003839
0.007863
0.003059
0.008712
-0.001745
0.019643
0.043384
-0.009522
0.007703
0.002198
-0.017236
0.007419
-0.004286
0.024817
-0.003304
-0.000889
-0.015277
0.014450
-0.029811
0.051722
0.021372
0.003554
0.012465
0.024359
0.003675
-0.011205
-0.011503
0.004402
-0.008968
0.000538
-0.002510
-0.023827
0.016773
-0.004211
-0.008699
0.005645
0.010422
0.007414
0.000893
-0.001186
0.021954
0.005628
0.030280
-0.009674
-0.070772
0.012526
-0.012071
-0.053661
0.000959
0.007327
0.015232
0.002045
0.012868
0.004078
0.011002
0.006199
-0.002512
-0.005554
0.000171
0.005151
0.003970
-0.000942
0.005975
0.010459
-0.022313
0.006180
0.004998
-0.010819
-0.006832
0.016704
-0.001552
-0.014186
0.000417
0.009421
0.015244
-0.031360
-0.011358
0.007529
0.003793
0.026153
0.011128
-0.008026
0.013773
-0.009152
-0.012599
0.017222
-0.014580
-0.082322
0.012078
-0.015148
0.014847
0.003259
0.009210
-0.007416
0.023033
-0.030459
-0.002105
0.007651
0.011586
0.002473
-0.014374
0.001283
-0.009020
0.006604
-0.002241
-0.003289
-0.011994
-0.015495
-0.012425
0.033478
0.004662
0.004863
0.014981
0.011556
-0.025521
0.002725
0.005488
0.016429
-0.015705
0.088260
0.015681
0.010846
-0.002871
-0.051389
0.002251
-0.008320
0.001063
-0.008199
-0.000308
0.046049
0.002647
-0.110890
-0.005459
0.007817
-0.023789
-0.018375
-0.034938
0.005531
-0.001278
0.000187
0.001182
-0.005327
0.037968
0.002977
0.006681
0.001981
0.016217
0.005392
0.008553
0.010482
-0.016483
0.001520
-0.000006
0.019439
-0.022956
-0.046038
-0.028523
0.007131
-0.006392
0.019573
0.011465
-0.010550
-0.007171
0.005435
0.005778
-0.008892
0.001134
0.002769
-0.010575
0.006858
-0.020493
-0.006784
0.003826
-0.020505
0.003767
-0.154778
0.002682
0.002889
0.018428
-0.003321
-0.033572
0.003172
0.007963
0.000154
-0.053681
-0.029120
-0.002681
0.004391
-0.004257
-0.017444
0.002970
0.005139
-0.013698
0.059211
-0.024884
0.016630
0.021349
0.030432
0.004788
0.003874
-0.015123
0.016244
-0.000239
-0.002851
0.000383
0.007003
0.003724
0.023044
-0.002779
-0.004912
0.007583
-0.037966
0.010110
-0.001551
-0.004350
0.012334
0.007663
0.016659
-0.010455
-0.006690
-0.012195
0.008803
0.009299
0.048555
-0.006691
-0.002460
0.003069
0.098756
-0.004033
-0.009713
0.012535
0.001888
0.010783
0.007555
-0.000691
-0.002681
-0.010745
0.000575
0.017647
-0.002748
0.004968
0.006908
-0.024015
0.011332
0.008672
0.007115
-0.013556
-0.006942
0.001149
0.033345
-0.021577
-0.016061
0.028461
-0.005666
0.001720
0.020865
0.010284
0.008581
0.009624
-0.015795
-0.033065
0.011243
0.004105
-0.009920
0.003563
-0.010071
-0.005463
0.001171
-0.000400
0.002483
0.027486
0.010392
0.005351
0.028774
0.014422
-0.017195
0.000447
0.006733
-0.004244
-0.008299
-0.000947
0.003911
-0.005367
-0.011725
0.001966
0.001447
0.008823
0.007371
0.010036
-0.002930
0.017183
0.006740
0.009195
0.004374
-0.012453
0.013336
-0.004185
-0.005427
0.011366
-0.008608
0.002578
-0.006749
0.006466
0.007893
-0.011135
0.010719
-0.014589
0.020406
0.001101
-0.004247
0.009087
-0.014740
-0.001289
0.010214
0.021392
-0.006957
-0.013881
0.004623
-0.012376
0.005039
0.007500
-0.000572
-0.015690
0.005480
-0.008189
0.004735
-0.000242
-0.004471
0.005807
0.005585
-0.011935
-0.015010
-0.027389
0.004304
-0.007413
0.017033
-0.007066
0.012762
0.029271
0.008918
-0.004076
-0.010874
0.004606
-0.005582
-0.010007
0.007407
-0.008820
0.009604
-0.010568
0.005857
0.011060
0.007344
-0.003906
0.005322
0.025698
-0.006670
-0.000157
-0.014244
0.013177
-0.002277
-0.006509
-0.008278
0.037326
0.032258
-0.004415
-0.022442
0.015435
-0.003214
0.000487
0.012090
-0.011919
0.009353
0.012027
-0.009186
0.019468
-0.013010
-0.012149
-0.000290
-0.011506
-0.025722
-0.006985
-0.025401
-0.007753
-0.008672
-0.007225
0.039748
0.022501
0.012366
0.001997
-0.010658
0.008379
0.025341
0.010388
0.012651
0.001749
-0.002770
-0.018367
-0.001110
0.017282
0.009945
0.020048
0.006226
0.046091
-0.005990
0.004328
-0.023968
0.023975
-0.010248
0.014244
-0.007264
0.013692
-0.003360
-0.000985
0.009122
-0.030364
0.009867
0.080483
-0.017286
-0.027813
-0.002111
0.021927
0.009842
-0.007007
0.010362
-0.006007
-0.008433
-0.011494
-0.004805
0.007513
-0.001772
-0.018020
-0.038147
0.003420
-0.012259
-0.000687
-0.019218
0.060361
0.006098
0.010268
0.002887
0.001407
0.012644
0.017646
0.013154
0.009075
-0.016099
-0.013469
0.004597
0.013557
-0.001425
0.008865
0.004720
-0.008784
-0.003145
-0.012719
-0.009939
0.007043
-0.002627
0.004994
-0.020107
-0.000006
-0.021782
0.003904
0.017625
0.010347
-0.198103
0.004953
0.006721
0.004531
0.001807
0.002351
0.006426
0.024079
0.018673
0.002441
-0.012534
-0.012474
-0.032247
-0.005963
0.013329
0.010701
0.017065
0.007220
0.030744
-0.012517
0.017144
0.004173
0.025881
-0.010806
-0.017822
-0.013758
-0.001654
0.014854
0.037713
0.008534
0.002641
0.013826
-0.028547
0.006591
-0.033881
0.004397
0.007343
0.008884
0.016817
0.023881
0.010385
0.009668
0.009442
-0.002616
-0.000059
0.043240
0.021931
0.004461
0.007578
0.004160
0.005814
0.001790
0.007453
0.009786
0.006532
0.004445
0.030294
0.104291
-0.018778
0.024347
-0.017916
-0.022903
-0.013432
0.003072
-0.008573
0.006343
0.005364
0.010552
-0.009017
0.028400
0.004670
-0.006507
0.000124
-0.003740
-0.009111
-0.008241
0.006602
0.006702
0.274154
0.002601
-0.000068
0.008265
0.029193
-0.014043
-0.018581
-0.005954
0.008622
0.026460
0.006467
-0.013745
0.023755
-0.000731
-0.011035
0.000902
0.020792
0.009433
0.006260
0.005901
-0.020397
0.005247
0.000467
0.026607
0.006797
-0.027786
0.008792
0.001847
-0.006956
0.000645
-0.005487
0.008662
-0.007372
-0.003994
-0.020904
-0.015545
-0.011560
0.009684
0.009609
0.001707
-0.008664
0.014888
0.009436
-0.013507
0.007416
0.013893
0.032156
-0.003442
0.074429
-0.004553
0.010526
-0.010902
-0.014872
0.030217
-0.017524
0.009367
-0.024368
0.025685
0.006426
0.020851
0.000141
0.008953
0.003454
0.059789
-0.000895
0.006502
-0.011475
0.005903
-0.002539
0.013288
0.007372
-0.016059
-0.000681
-0.014502
0.026369
-0.004010
0.012042
0.003407
0.010462
-0.001752
-0.010633
0.002071
0.008371
-0.011514
0.005013
-0.004924
-0.014680
-0.004054
-0.007141
0.000326
-0.010498
-0.005174
0.008690
-0.002047
-0.019624
0.010019
-0.000628
0.008550
-0.004691
-0.006322
-0.013223
0.007722
-0.004696
-0.008898
0.007153
0.007797
0.089417
0.002975
0.004474
0.007733
0.002434
-0.010083
0.020423
0.011996
0.010920
0.006416
0.003316
0.001174
0.013225
-0.005451
-0.009992
0.000488
0.013202
-0.000316
-0.030500
0.009923
-0.090328
0.004445
-0.006242
-0.006998
-0.007180
0.000007
0.000591
0.008732
0.034338
0.018519
0.037145
-0.005597
0.003082
-0.000387
0.010705
0.017174
-0.036888
0.002441
-0.024359
-0.004163
-0.003022
-0.012784
-0.006136
-0.014592
-0.014146
0.007382
-0.003144
-0.003730
-0.003764
0.006817
0.078806
-0.007153
0.007040
0.006858
-0.009046
0.034736
0.007786
-0.005891
0.002215
-0.015518
0.008823
-0.001721
-0.023923
0.001839
0.041109
-0.007950
0.021954
-0.003979
-0.053853
0.027021
0.002135
0.005075
0.008776
0.004973
0.003626
0.002854
0.024522
-0.026068
0.010010
0.006590
0.013377
-0.027377
-0.012076
-0.010123
0.000320
0.005803
-0.004383
-0.014847
0.002868
0.043276
-0.002723
0.002230
-0.003642
0.001485
-0.016864
0.033403
-0.000176
-0.003950
-0.008757
0.029285
-0.010296
0.009059
-0.004309
0.004733
-0.012617
0.004268
-0.000836
-0.041199
0.008112
-0.006146
0.010075
0.013490
0.000495
0.014631
0.006535
0.029119
-0.078516
-0.002605
0.012062
0.006765
-0.043812
-0.008044
0.008253
-0.000762
0.000116
0.014601
-0.010098
-0.008629
-0.022153
0.013022
-0.006159
0.009491
0.020128
-0.028231
-0.000684
0.002072
0.009234
0.004733
-0.028112
0.005313
-0.005090
-0.013212
-0.002932
0.009959
0.008244
0.013138
0.011262
0.010695
-0.001355
0.028921
0.023573
0.002915
0.003189
-0.009742
-0.012343
0.017423
0.042532
0.047777
0.007304
0.013582
-0.039336
-0.048325
-0.003913
0.019326
-0.012400
-0.009599
0.011074
-0.003638
-0.002222
0.007147
-0.002263
-0.006707
0.015085
0.006489
0.003578
-0.006765
0.011039
0.010013
0.002826
-0.011452
-0.024599
-0.005319
-0.006887
0.000835
-0.017920
-0.002461
0.024713
-0.024457
-0.006027
0.008977
0.000054
-0.001129
-0.016036
-0.004441
0.014967
0.007898
-0.010800
-0.021704
-0.002292
-0.009242
0.005074
0.002676
-0.004094
-0.015498
-0.000097
0.001421
-0.001022
-0.016809
-0.019152
0.001483
-0.022743
-0.023656
0.001275
-0.012485
-0.012362
0.002190
-0.005761
0.011324
0.006682
-0.038677
0.012676
0.027458
0.004108
0.008618
0.067490
0.007446
-0.003394
-0.000340
0.005939
-0.004744
0.005146
-0.008965
0.000167
-0.006091
-0.037568
0.006810
-0.004619
0.015004
0.006279
-0.002551
0.109246
-0.015424
-0.005553
-0.004404
0.014270
0.001683
0.008426
-0.012679
-0.032589
-0.007011
-0.005174
-0.012408
-0.095936
0.011793
0.001566
0.006235
-0.000888
0.000478
0.007788
0.013070
-0.011870
-0.038637
0.011721
0.002247
-0.004284
0.013354
0.019497
0.005844
-0.014148
0.010616
-0.011699
0.001952
0.001917
0.001288
0.004430
0.033180
-0.008837
-0.011954
-0.002028
-0.000114
-0.008594
0.010056
-0.002367
0.028655
0.006611
0.001084
0.020589
0.003816
-0.002123
-0.004493
0.018385
0.006543
0.005091
0.016713
-0.031413
-0.033575
0.017629
-0.011123
0.024241
0.001949
0.015937
-0.005922
0.005247
0.002188
-0.005230
0.003082
-0.019959
0.006683
0.007782
-0.002867
0.022804
0.006571
0.008594
0.013072
0.005284
0.002722
0.025400
0.000732
0.009684
0.025605
-0.004658
0.019488
0.015069
-0.027845
0.002954
0.007137
0.019187
-0.003811
0.005127
0.000281
0.004176
-0.021382
0.010721
0.079628
0.012596
0.016788
0.011092
0.016933
-0.008362
-0.017268
0.022673
0.003054
0.003555
-0.002539
-0.002773
-0.004671
-0.008120
0.045787
0.005145
0.006515
-0.000806
0.021081
0.031544
0.011179
0.006983
-0.009371
-0.012167
-0.030233
0.013264
0.001825
0.016967
-0.019545
0.024250
0.010200
0.002295
0.006839
-0.000046
0.005043
-0.000879
0.006190
-0.009281
0.019394
0.003011
-0.000773
-0.030526
0.035929
0.009251
-0.002995
0.019652
-0.029488
0.013125
0.015572
0.004586
0.023348
0.056157
0.014459
0.009271
-0.014155
-0.009895
-0.007587
0.007374
0.041536
0.008234
-0.017964
-0.045772
-0.163565
-0.017855
0.001124
-0.035373
0.009001
-0.003740
0.017179
0.003855
0.015641
0.024058
-0.008936
0.006330
-0.014542
0.008930
0.043080
0.062787
0.010808
0.011536
-0.005001
0.010989
0.014450
-0.015170
-0.007792
0.004453
0.013231
-0.007952
0.013110
-0.012975
0.009083
0.009294
0.009781
0.008963
0.206099
-0.020425
-0.003668
-0.023023
0.007508
-0.004058
-0.002608
-0.002430
-0.051597
0.016804
-0.008294
-0.069533
0.003960
0.009515
-0.000364
0.008919
-0.008558
0.010934
0.005361
0.004607
-0.011690
-0.004046
0.026435
0.012947
0.008354
-0.008050
-0.008285
0.013882
0.014692
-0.003736
0.007154
-0.003232
-0.006484
-0.001120
0.018043
-0.006300
0.007783
0.006063
-0.001115
-0.013535
0.016611
-0.007026
0.007306
-0.013762
-0.006166
-0.011989
0.005035
-0.000348
-0.005398
-0.009538
-0.004092
-0.003083
0.013615
-0.011075
-0.004173
-0.006605
-0.001030
-0.006491
-0.007253
-0.010411
0.009535
-0.009590
0.011702
0.003183
0.003558
0.007372
0.013382
-0.003758
0.012153
0.056034
0.003859
0.004822
0.006929
0.009577
0.013318
0.003357
0.012644
-0.006160
0.005822
-0.001772
0.020444
-0.009497
-0.021163
0.011472
0.010349
-0.001387
0.003480
0.005611
0.031641
0.002459
0.006213
-0.013138
0.002909
-0.006177
0.025406
0.012373
0.013632
-0.005893
0.008357
0.000323
-0.010266
0.009368
-0.012849
-0.015467
0.002564
0.005221
0.023662
0.002534
0.002221
0.025402
0.004568
0.000784
0.030554
-0.007236
-0.001748
-0.017144
-0.010738
-0.012368
-0.004059
-0.041479
0.010779
0.013679
-0.008899
0.000085
0.006981
0.002663
-0.008618
-0.003383
0.005191
0.006799
0.001326
-0.016108
0.002722
0.113493
-0.030045
0.001234
-0.009546
-0.003043
0.015820
0.007482
0.011732
0.009222
0.007321
-0.001815
0.006104
0.008641
0.018231
0.005590
0.014019
0.009383
-0.030526
0.012351
-0.010863
-0.020628
0.026668
0.018966
0.009751
-0.000098
-0.021060
0.022885
0.002817
0.004451
-0.001002
-0.006971
0.002768
0.021630
0.012439
-0.014543
0.021553
-0.022467
-0.013097
0.007236
-0.023326
0.000774
0.002714
0.046321
-0.043017
-0.002804
0.003871
0.009730
-0.034773
0.007157
-0.002412
0.013648
0.001123
-0.038802
0.006589
0.015320
0.003302
-0.001477
0.001784
0.025828
-0.004145
-0.062730
-0.014505
0.001889
-0.054130
0.016670
0.031665
0.023941
-0.014879
0.005428
-0.015380
-0.016784
0.010876
-0.018952
-0.006353
0.018231
-0.006404
-0.000149
0.009126
-0.017283
-0.004233
-0.013380
0.000955
-0.004999
0.004335
0.002638
0.013253
-0.008649
-0.012440
0.068114
0.002284
0.005659
0.010542
-0.009017
-0.020057
0.030907
0.010670
0.022051
0.007713
-0.017602
0.007734
-0.011488
0.002518
-0.003766
0.060688
0.046950
-0.016023
-0.016275
-0.036135
0.002351
0.017860
-0.001696
0.011964
0.002047
-0.018503
-0.000623
0.030068
0.006608
-0.004635
0.002913
0.015297
0.007229
0.001612
0.017363
-0.018940
0.039259
-0.002480
0.028318
0.003821
-0.015439
0.001791
0.013369
0.000435
0.008514
-0.010694
0.007565
-0.000137
-0.007194
0.004539
0.003806
-0.027174
0.007507
0.006026
-0.115267
-0.006747
0.000823
0.021133
0.004244
0.004597
-0.008749
0.003079
0.003385
-0.006228
0.004539
-0.016574
-0.012535
0.001663
-0.001378
-0.006639
0.001206
0.003779
-0.010081
-0.012253
-0.012633
0.011917
0.003617
0.006626
-0.001003
0.004726
0.009505
-0.014566
0.005006
-0.007409
0.013372
0.017583
0.004010
0.001950
-0.000697
-0.000924
-0.007851
-0.007904
-0.004435
-0.007663
0.019421
0.006964
0.021604
0.013608
-0.001950
-0.001248
0.009960
-0.016121
0.003459
0.001554
0.003465
-0.006167
0.015275
-0.218200
-0.005335
-0.009375
0.009330
-0.012405
-0.016925
0.011257
0.003910
-0.004703
0.011350
-0.007526
0.015472
0.004886
0.003576
0.004167
0.000850
0.006886
-0.021449
0.006746
-0.007585
-0.010279
0.000882
0.002283
0.007748
0.026135
0.011210
0.000778
0.007167
-0.024542
0.049835
0.022446
0.001435
-0.027992
0.001900
0.009123
0.015369
-0.008850
-0.005947
-0.012053
0.013256
-0.004898
0.007877
0.012550
-0.000998
0.006813
0.004738
0.012480
-0.004737
-0.036783
-0.007850
-0.009651
0.000673
-0.014197
0.013326
0.000658
-0.015451
-0.008121
0.000476
-0.057904
0.008040
-0.016181
0.001687
-0.004287
0.016720
-0.008945
-0.014256
0.005324
-0.003618
0.001598
-0.007751
0.026751
-0.010834
-0.003262
-0.000210
-0.009670
-0.007288
-0.020819
0.043045
-0.002962
0.002044
0.006525
0.018125
0.010094
-0.013900
-0.008949
-0.033459
0.008698
0.004368
0.005466
0.002898
-0.004310
-0.012813
-0.001480
-0.017829
0.047823
0.007523
-0.010746
-0.011894
0.002768
0.000623
0.019939
0.004169
0.013973
0.007863
0.012325
-0.001726
-0.024292
0.006519
-0.005980
0.010467
0.008302
0.001473
-0.019553
0.001161
-0.004051
0.001770
0.010521
-0.000578
0.018339
0.023667
0.007720
-0.011157
-0.061209
0.006989
-0.003738
-0.012942
0.012940
-0.003287
-0.012539
0.022281
-0.009192
0.005556
0.004045
0.040869
0.000810
0.002987
-0.060176
0.007001
-0.002532
-0.006417
-0.034081
0.003670
0.035441
0.003524
-0.018835
0.072383
0.004234
0.023931
0.005691
0.002258
0.010903
-0.034349
0.010075
0.000089
-0.121946
0.015166
0.009902
0.001496
0.008400
-0.012437
0.009854
0.013514
0.000127
-0.001581
0.014462
0.008211
-0.019815
0.003713
0.008985
-0.002770
-0.013570
0.003100
-0.015296
0.002568
0.011662
-0.005065
0.007053
0.047586
-0.009365
-0.006856
0.000952
0.006522
0.002485
0.000075
0.005546
0.003853
0.008097
0.065060
-0.005695
0.018916
-0.014327
-0.012148
0.021156
-0.001055
-0.000136
-0.015562
-0.016098
-0.015521
-0.010270
-0.016361
0.015976
0.013357
-0.010887
-0.005746
-0.015433
-0.006682
-0.014452
-0.003903
-0.005007
-0.006619
0.004043
0.001964
0.001023
-0.017936
0.017719
0.002675
0.001918
-0.001757
0.009041
0.008918
-0.000281
-0.017315
0.015970
-0.007689
-0.001022
-0.014381
0.005670
0.005595
0.005479
0.000574
0.004776
-0.003202
0.024970
-0.002615
0.000768
0.008308
-0.006478
-0.045925
-0.013992
-0.011174
-0.016641
0.012609
-0.012196
-0.010313
0.004929
-0.006366
-0.006186
0.002623
-0.008048
0.012248
0.004307
-0.001511
0.012299
-0.006673
-0.014330
0.045136
0.010834
-0.004166
0.012447
0.058378
0.009991
-0.004188
-0.014123
0.006442
-0.003359
0.002302
0.013091
-0.000990
0.019725
-0.040128
-0.003370
0.024622
-0.002352
-0.002932
0.003500
0.009229
0.005279
0.040551
0.013274
-0.007348
-0.009895
0.000592
-0.001679
-0.000232
0.003000
0.003628
0.006550
0.001833
0.008926
0.016658
-0.000844
-0.006042
-0.009642
-0.013066
-0.029888
-0.000594
-0.012739
0.014790
0.016270
0.002645
0.000120
0.008665
-0.013239
0.005600
0.007134
0.002682
0.002258
0.007952
-0.015813
0.025794
0.005996
0.004603
0.000356
-0.009866
0.008972
0.006556
0.019410
-0.014370
-0.002197
-0.071776
0.016930
0.005591
-0.013732
0.002535
-0.002558
0.007095
0.024735
0.001699
-0.003957
0.016646
0.030947
-0.018911
0.003731
-0.011885
0.011527
-0.003750
-0.000030
-0.004489
0.003383
0.009033
-0.006776
0.011296
0.011084
-0.008030
0.004195
0.010482
-0.003199
-0.007305
0.007630
0.004866
-0.005090
-0.011885
-0.002902
-0.005612
0.015755
0.014900
0.030376
-0.000883
-0.007315
-0.002721
0.010567
0.002735
-0.005786
0.018758
0.001928
0.013891
-0.004247
-0.053770
-0.000255
-0.009617
-0.003290
0.002967
0.001803
-0.006991
0.004407
0.011071
0.001303
0.015160
-0.017678
0.002234
-0.057575
0.008389
-0.000890
0.015890
0.001977
0.001008
-0.006107
-0.012457
0.009603
0.007101
0.006688
-0.008269
0.014462
0.001888
0.003139
0.002190
0.013547
0.011929
0.010181
0.022285
-0.012012
0.002767
0.021436
0.007573
-0.040155
0.001924
0.000599
0.008819
0.014506
-0.006991
0.023129
0.000795
0.005284
-0.005066
-0.009071
0.002785
-0.028377
0.007183
-0.005834
0.003610
-0.016964
-0.000884
-0.003871
0.001082
-0.007393
-0.001232
-0.000361
-0.014443
-0.051990
0.006394
0.003564
-0.006634
0.031863
-0.009600
0.001639
0.005540
0.009214
0.009086
0.008500
0.014392
-0.009061
0.008703
-0.001308
0.000016
0.005878
0.005807
0.024930
-0.001389
0.012166
-0.003596
0.008092
0.006467
-0.033576
0.019370
-0.009084
0.017014
-0.021258
0.010155
-0.009097
0.018677
-0.020453
-0.005447
-0.001319
0.009860
0.001770
-0.006135
0.012586
0.009067
-0.001681
-0.011805
0.017958
0.009652
0.003230
-0.021824
0.169080
0.005005
-0.012787
0.001776
-0.001276
0.012816
-0.006503
0.039866
-0.003257
0.008593
0.004302
-0.020382
-0.035561
0.012053
-0.029531
0.031412
0.002418
0.014814
-0.002911
-0.009385
-0.007596
0.005421
0.008881
-0.001393
0.001173
0.011812
0.004911
-0.005727
0.005487
-0.021373
0.016010
0.004899
0.009656
0.001034
-0.012917
-0.006043
-0.138759
0.018588
0.005626
-0.111481
0.013099
0.022227
-0.016483
-0.006067
0.005388
0.003744
0.012106
0.006331
0.014358
0.021230
0.016451
-0.001310
-0.025548
-0.022244
0.099267
0.018229
-0.006903
0.008109
0.000275
0.010443
0.006149
-0.005683
0.004404
-0.003424
0.001726
0.011410
-0.024898
-0.014874
0.005086
-0.010791
0.005207
0.007000
0.012317
0.027262
0.021062
-0.009982
0.004821
0.013312
0.004389
0.000842
0.003837
0.000106
0.003756
0.025696
-0.020557
0.008450
0.016394
-0.003495
-0.008598
-0.004961
0.010752
0.006780
-0.060264
-0.007704
-0.000086
-0.006639
0.007703
-0.010676
-0.023874
-0.005280
0.001166
0.005595
-0.000958
0.007388
-0.001576
0.007673
-0.002395
0.005557
-0.056690
0.012216
0.027493
0.002052
0.007478
0.011426
0.026290
-0.004608
0.004308
0.016112
0.006463
0.002437
0.007637
0.007637
-0.004330
0.074021
-0.004334
0.028429
0.001050
-0.007861
-0.004222
0.004813
-0.007233
-0.005347
0.000196
-0.010125
0.008803
0.012625
0.003167
0.009620
0.002014
0.008115
0.020030
0.001820
-0.025381
0.013556
0.014599
0.002649
-0.022054
0.027331
-0.006281
0.014669
0.001500
-0.003683
0.008958
0.003871
0.001123
0.004491
-0.005026
-0.010567
0.001426
0.003891
-0.013869
0.007799
-0.011838
0.007529
0.007207
0.006579
-0.009979
-0.007092
0.002389
0.010705
-0.009927
-0.015666
-0.006779
0.004281
-0.004651
-0.002688
-0.003785
-0.009451
0.006716
0.014441
0.008339
0.006544
-0.006325
-0.005818
-0.056625
-0.002013
0.006158
-0.001481
0.025206
0.005746
0.005764
-0.001210
-0.002662
0.014301
0.021044
0.015174
-0.023257
0.012591
0.018371
0.009213
-0.003420
-0.000942
0.004617
-0.003047
0.005976
0.013221
0.008839
0.060986
-0.005255
-0.003069
-0.009638
-0.000121
0.010094
-0.005570
0.010063
0.055706
0.023753
-0.016637
0.009869
0.018453
0.007245
0.010892
0.043867
0.002113
0.008223
0.008993
0.005191
-0.002525
0.007760
-0.012099
0.018907
0.003495
-0.005706
-0.032308
-0.004221
-0.001363
0.002458
0.005807
-0.029973
-0.006712
-0.029841
-0.005166
-0.018441
-0.016212
-0.001566
-0.053723
0.032279
-0.006323
0.000368
0.005873
-0.020370
-0.062756
0.037640
0.001259
-0.012116
0.011392
-0.004182
0.018630
0.000165
-0.001497
0.002644
0.000064
0.005088
-0.040945
-0.016745
0.003673
-0.001632
0.015591
-0.008761
0.017040
-0.009986
0.004242
0.010838
-0.000271
0.023046
0.007075
-0.003858
-0.015959
-0.010473
0.001893
-0.008474
0.012314
-0.000009
0.022908
0.004445
0.011597
-0.000295
0.004824
0.008492
0.008006
0.009653
0.004988
-0.005727
-0.061341
-0.006712
0.009246
-0.001215
0.005548
0.002738
0.006317
-0.003710
-0.054180
-0.003252
0.008531
-0.006298
0.008120
-0.004017
-0.008002
0.005930
-0.006920
0.005909
0.021668
0.008786
-0.006319
-0.019192
0.028855
-0.009435
0.018452
-0.001371
0.004175
-0.005846
0.006905
0.001429
0.004188
0.009937
0.004329
0.002421
0.003242
-0.019876
-0.024797
0.008809
0.016681
-0.018565
-0.004176
-0.013373
-0.045540
0.008773
-0.002771
0.022354
-0.005025
0.011399
-0.017928
0.017282
-0.007002
0.000578
0.005710
-0.006941
-0.011207
0.002615
-0.000674
-0.007128
-0.015983
-0.011805
-0.024635
0.007887
-0.002625
-0.001102
-0.040169
0.004987
0.012605
0.007905
0.003392
0.004898
0.019967
-0.016182
0.008676
-0.008650
0.003454
-0.000381
0.017751
-0.016180
0.005667
-0.002069
0.027459
0.005717
-0.011055
-0.020287
0.008262
0.027857
-0.006581
0.004841
-0.004547
0.003300
-0.000182
-0.009464
0.018668
0.002982
-0.007789
-0.000856
0.004744
-0.020124
-0.015556
0.005322
0.002224
-0.011356
-0.001672
0.009217
0.009994
-0.033218
0.002545
0.005965
-0.021403
0.001445
-0.009019
-0.064556
-0.000948
-0.017743
-0.001536
0.004787
0.007650
-0.001972
0.016132
0.010447
0.007103
-0.005989
-0.014853
0.000863
-0.010642
0.004602
0.009816
0.009226
-0.003201
0.007087
0.017475
-0.007883
-0.013822
-0.010329
-0.000096
0.007463
-0.002176
-0.008509
0.000474
-0.000981
0.000431
0.009261
-0.000552
0.002939
0.006127
0.005192
0.027620
-0.031651
-0.023475
-0.007025
0.021133
-0.019898
0.003775
-0.002502
0.005280
-0.002959
0.011891
0.012070
0.002011
-0.002601
0.007158
-0.005017
0.002887
0.016651
-0.021433
-0.003509
-0.012424
-0.010523
0.021837
0.000327
0.014188
-0.006459
0.006622
0.004546
0.002246
0.000552
0.011590
-0.002917
0.003090
-0.008099
-0.017015
0.063946
-0.000023
-0.004698
0.009176
-0.009209
-0.007382
0.014480
0.006633
0.007242
-0.019458
0.008321
0.011469
0.005851
0.000844
0.006393
-0.005227
0.005470
0.012796
-0.006772
-0.003014
0.013848
-0.009499
0.004962
0.002670
-0.012452
-0.009969
-0.011856
-0.008821
0.018065
0.006072
0.001552
0.002775
-0.000972
-0.016794
-0.002016
0.023406
0.007657
-0.002721
-0.034961
0.009385
0.008030
0.019103
0.012235
-0.001767
-0.043873
-0.002431
-0.006007
0.000727
0.011092
0.041498
-0.002634
0.005992
-0.011713
-0.030033
0.018261
-0.020106
-0.015304
-0.013002
0.000853
0.001626
0.005341
-0.005406
-0.004173
-0.065054
-0.007633
0.011011
-0.015527
0.015779
0.014475
-0.002590
0.005969
0.011317
0.019944
0.000857
0.005720
-0.000513
-0.054680
0.006385
0.011532
0.002622
0.006665
0.020701
0.011990
-0.001401
0.003320
0.011600
0.009335
0.003842
0.011126
-0.006302
-0.011375
-0.005342
-0.016560
0.005799
-0.046470
-0.018299
0.006494
-0.033342
-0.008652
-0.536768
0.001096
0.003702
0.009143
0.008177
-0.007384
0.003678
0.008133
-0.005516
0.002219
0.033817
0.004457
0.015066
-0.000729
0.007556
-0.002391
0.003265
0.010385
-0.005842
0.013415
0.011671
0.016145
-0.002658
0.007457
0.001208
0.015247
0.014278
0.005612
-0.014828
0.001309
-0.005329
0.001584
0.005692
-0.008073
-0.007228
-0.015886
-0.001507
0.012573
0.002021
0.008868
-0.019926
-0.000311
-0.009726
0.027006
-0.005916
-0.005822
0.011247
-0.010234
-0.021357
-0.021655
0.008027
0.021971
0.005416
-0.000631
0.004102
-0.020741
-0.017331
-0.025719
-0.014350
-0.014574
-0.015360
-0.006914
0.032793
0.006774
0.015362
-0.014111
-0.030312
-0.003169
-0.012176
-0.013042
-0.005843
0.007142
0.012844
0.004900
-0.000523
0.005227
-0.013035
-0.009036
0.010486
0.010100
-0.011484
0.007183
-0.004731
0.005219
-0.002290
0.020642
0.003886
-0.017965
0.013165
0.001811
-0.005221
0.010747
-0.049172
0.004952
-0.015150
0.003893
0.023594
-0.006915
-0.013298
0.010212
0.017737
-0.005326
-0.006100
0.008716
0.009616
0.013417
-0.041833
0.006777
0.010038
0.012917
-0.008919
-0.015894
0.009524
0.026776
0.003164
-0.009459
-0.007165
0.002743
-0.003698
-0.016242
0.005813
0.017280
0.002261
0.012360
-0.010376
-0.036425
0.008200
-0.007916
0.001839
-0.000303
0.048246
0.032256
-0.015502
-0.054242
0.011064
0.002257
0.003174
-0.004605
-0.009940
-0.006876
0.002902
0.007676
-0.035001
-0.001038
0.009818
-0.004870
-0.017003
-0.000920
0.008946
-0.005755
0.003695
0.000981
0.003397
-0.002562
-0.007243
-0.007502
0.005830
-0.000564
-0.011880
-0.005909
0.003656
0.065755
-0.013739
0.002590
-0.028990
0.006233
0.002363
-0.010622
0.016199
0.001263
-0.007338
-0.027256
0.008063
0.012180
-0.015348
0.000450
0.040327
0.006268
0.006360
0.006162
-0.012386
0.009106
-0.018680
-0.005814
0.012577
0.159676
0.009047
0.008060
-0.014636
-0.007680
0.008305
0.012126
0.012489
-0.007358
0.003317
-0.001830
0.005111
0.038171
-0.005119
0.011712
0.005814
-0.013058
0.010290
-0.006063
0.011351
0.005523
0.006151
0.005824
-0.045199
0.002820
0.005843
-0.014647
0.113450
0.005673
-0.020822
-0.020652
0.005790
0.008748
0.009208
0.000417
0.078910
-0.018232
0.006460
-0.017434
-0.015701
0.001322
0.004723
0.015466
-0.095335
0.000054
0.016428
0.002660
0.003816
-0.090350
-0.027986
-0.008154
0.014906
-0.005482
-0.022281
0.064325
-0.020399
-0.034295
-0.002038
0.005766
0.008060
-0.004062
0.014897
-0.006180
-0.004399
-0.023116
-0.000358
0.011016
0.006882
0.005503
0.005330
0.013463
0.008525
-0.024112
0.007411
0.018753
0.022102
-0.011497
0.007680
-0.000389
0.002259
0.016676
0.019279
-0.009737
0.010393
0.013542
-0.030527
0.003860
-0.005801
-0.005421
-0.008335
-0.033280
-0.000476
0.007284
0.011647
0.011946
0.013789
-0.000465
0.005707
-0.005742
0.036140
-0.008538
0.003931
0.008255
-0.014395
-0.010546
-0.001295
0.001470
0.007322
0.001255
0.025313
-0.003541
-0.037758
0.016736
0.000928
-0.007311
0.006087
-0.015632
-0.004912
-0.016633
0.009052
-0.026473
-0.011138
0.001410
0.002539
-0.008456
-0.007396
0.007744
0.008771
0.014465
-0.006803
0.002654
0.007202
-0.050745
0.015574
-0.012106
0.030690
0.000506
0.019171
0.003960
0.010289
0.003925
-0.023189
0.007058
-0.034203
-0.002214
0.002736
-0.065249
0.014076
-0.005106
0.014390
-0.041407
0.008502
0.003244
0.004922
-0.031560
-0.008114
0.051249
0.007176
0.002517
0.027958
0.008062
0.002539
-0.000158
-0.009828
0.008255
-0.020027
0.027643
0.015565
0.015422
0.007340
-0.005521
-0.004942
0.010296
0.000009
-0.036171
-0.004757
0.009325
-0.018829
-0.003870
-0.003541
-0.014850
-0.130688
-0.012961
0.008536
0.008675
0.014905
0.011633
-0.008510
0.047901
0.001789
-0.015923
-0.018505
-0.095655
0.006416
0.000115
-0.006405
0.013565
0.000595
-0.008324
0.002042
0.005623
-0.007793
0.008003
-0.001619
-0.000340
0.009685
0.015135
-0.005263
0.003926
0.000654
-0.016758
0.008780
-0.005598
0.030558
0.006435
0.003809
0.006544
0.006290
0.004981
0.005225
0.009642
0.006149
0.013080
0.019840
0.015269
0.001242
-0.027230
-0.005114
-0.018406
0.010192
-0.015954
-0.004294
0.007213
0.008843
0.006152
0.002022
-0.003300
0.001372
-0.004097
0.021593
0.055805
-0.002612
-0.003452
0.002848
0.014260
0.014409
-0.007887
0.038931
0.020571
0.024077
0.009440
0.013491
0.007511
0.053582
0.030685
0.001069
0.001742
0.010753
-0.004876
0.015164
-0.005054
0.012894
-0.016679
0.018193
0.024182
0.007844
-0.007330
0.003427
-0.013841
0.010838
0.002345
0.015289
-0.018730
0.010584
-0.002774
-0.005331
-0.002389
-0.010122
-0.009084
-0.009721
0.012228
-0.008358
-0.009632
0.012811
0.003362
-0.009286
0.002897
-0.005228
-0.016884
0.011815
0.047100
-0.080154
0.005535
0.004715
-0.003493
0.029167
0.005526
-0.000352
-0.004250
0.008730
0.004023
0.012598
-0.031049
0.005980
0.009217
0.012057
0.012309
-0.002594
0.026739
-0.004292
0.009340
-0.009001
0.007844
0.016828
0.004805
0.007473
-0.042118
0.004291
0.005114
-0.003476
-0.005817
0.000376
-0.005049
-0.007471
-0.019215
0.006198
0.012867
-0.019260
-0.001460
0.011137
0.013930
0.019592
-0.018827
0.007920
-0.009287
0.005421
-0.066486
-0.001513
0.002771
-0.004161
-0.006771
0.000919
0.020860
0.013940
0.052994
0.001220
0.003372
0.011121
0.029286
0.010146
0.037719
0.015026
-0.011539
0.023847
-0.018023
-0.008422
-0.000010
-0.004594
0.005731
0.015067
-0.001155
0.003638
-0.020961
0.006348
0.026272
0.017620
0.008904
0.025231
0.020413
0.001864
0.015161
0.013485
0.005170
-0.001037
0.004950
0.011560
0.003649
0.011200
0.000775
-0.004749
0.057626
-0.024680
-0.001439
0.006093
-0.039503
0.005445
0.008972
-0.033758
0.008371
-0.003239
0.015396
-0.006454
0.013815
-0.002647
0.000216
0.001052
0.001374
-0.017425
0.003230
-0.024227
-0.007511
0.008365
0.000425
0.030178
-0.028355
-0.007066
0.008364
0.019743
0.029007
0.001439
-0.002693
0.019398
-0.000220
0.007005
-0.001027
-0.003564
0.011565
-0.006910
0.001316
0.012508
0.013878
-0.002415
0.020138
0.003056
-0.000366
-0.044387
0.014511
-0.008619
0.003208
-0.011804
0.005358
0.006773
-0.014593
0.013128
-0.009181
-0.008825
-0.019043
-0.006664
-0.011274
0.004555
-0.013560
0.008524
0.003980
0.001418
0.005483
0.013384
-0.008788
0.008479
0.005906
0.006863
0.008797
0.023056
0.010644
0.010221
0.023776
-0.010511
0.001818
-0.009118
0.004263
0.015468
-0.001251
0.010889
0.007465
0.001297
0.013220
0.065020
0.007676
-0.031085
0.022035
0.025664
0.007208
0.018850
-0.005333
-0.011253
0.006291
0.004191
-0.007225
-0.011798
-0.002513
-0.010937
0.050079
0.003729
-0.034375
0.008363
-0.000228
0.007182
-0.000091
-0.011596
-0.022344
0.015042
0.009167
0.010545
0.029135
-0.004784
0.009930
-0.001686
-0.027728
0.001589
-0.014828
-0.023063
-0.003464
0.007046
-0.007986
0.020369
-0.021515
0.005870
0.000930
0.014793
0.003717
0.017002
0.002681
-0.000370
0.008298
0.006658
0.005200
0.000306
-0.027638
0.007343
-0.006004
0.002265
0.005358
-0.009674
0.013406
0.009022
0.013352
-0.006464
-0.004746
0.006892
0.001538
-0.010253
0.033840
-0.010271
-0.018953
-0.008983
0.028280
0.006403
0.037450
0.003750
-0.003194
-0.035353
0.009650
0.007118
-0.020971
-0.001371
0.013361
-0.006227
0.000292
0.003677
-0.003893
-0.000995
0.013698
-0.001019
-0.003354
0.002440
0.004151
-0.023056
-0.031297
-0.008470
0.001487
0.003761
0.005015
-0.001214
0.020544
-0.005647
0.005306
-0.049514
-0.025938
0.007924
0.020165
0.021905
0.035904
0.002632
0.020429
-0.017438
0.016221
0.002787
0.009470
0.020117
0.005812
0.011829
0.009837
-0.001641
0.000102
0.008981
0.006285
0.026902
-0.007489
0.002467
-0.004761
0.006623
0.002219
-0.016865
0.005436
0.004908
-0.005591
-0.009152
0.005242
-0.023734
0.007780
0.009540
-0.023030
0.016411
0.006793
0.073553
-0.009789
0.005219
0.008511
0.014937
0.011573
0.001883
-0.010958
0.000980
0.013123
0.008403
-0.000603
-0.006423
0.007618
-0.006345
0.012130
-0.022559
0.017780
0.033064
-0.004123
0.015020
-0.014953
-0.031496
-0.008121
-0.015793
-0.005261
-0.001317
0.003352
-0.000973
0.011558
0.025588
0.006283
0.045923
-0.005730
-0.009280
-0.119998
0.010759
0.001324
0.006011
0.014536
0.002367
-0.005691
0.007731
0.003948
-0.013545
-0.002191
0.012160
0.010047
0.026859
0.012951
0.004116
0.014873
-0.014310
0.000133
0.001821
0.005705
0.012715
-0.010362
0.004919
-0.017121
0.008993
0.003849
0.016148
0.001415
-0.009832
0.056317
-0.003155
0.004600
-0.004686
0.011713
0.004570
0.002977
0.010889
0.028842
0.006035
-0.029495
-0.002478
0.006250
0.013607
-0.017619
-0.003608
-0.018562
0.000058
0.001555
0.031741
0.008934
0.112890
-0.023133
0.000826
0.014888
0.031552
-0.013376
-0.019195
0.014959
0.012146
0.045902
-0.001505
0.005404
0.000026
0.000090
-0.015043
0.020980
-0.056703
-0.000585
-0.008222
0.000944
0.012952
-0.004573
-0.003507
0.005109
0.009137
-0.046992
-0.023104
-0.004287
-0.017347
0.006073
-0.005685
0.004327
0.021612
0.005306
0.006000
-0.002895
0.012472
-0.014707
-0.003796
-0.016455
-0.010121
-0.027893
0.022277
0.007600
-0.008835
-0.008693
-0.020649
-0.012783
-0.010864
0.003017
0.000514
0.013447
-0.003405
0.017557
0.006424
-0.001572
0.005178
0.004137
0.007971
0.029096
0.001793
-0.007565
0.002343
-0.009066
0.051643
0.022913
0.005081
0.006945
-0.015828
-0.030056
0.009245
-0.019676
0.002870
-0.006690
0.001360
-0.009855
0.002421
-0.010897
0.023418
0.270936
0.005420
0.002805
0.000796
0.001273
-0.000884
-0.001822
-0.007519
-0.003012
0.009925
-0.004767
0.001666
0.015703
-0.009278
-0.000576
-0.000484
-0.015130
0.008792
0.013855
-0.009233
-0.013622
0.000783
-0.006809
-0.002327
0.001241
-0.025184
-0.008506
0.003004
0.008360
0.031154
-0.012350
0.004435
0.004138
-0.018034
0.012414
0.000377
-0.009411
0.027389
0.029570
0.005900
0.003791
0.011986
0.015786
-0.004161
-0.002092
-0.022511
-0.014067
-0.167358
0.002198
-0.004837
0.007783
-0.004750
-0.057898
0.010427
-0.004651
0.014352
-0.010521
0.002677
-0.003930
0.000283
-0.005883
-0.000379
-0.009253
0.413030
0.009414
-0.001118
-0.006342
-0.028388
0.016086
-0.003119
-0.058493
0.007032
0.006624
-0.003442
-0.010786
0.019263
-0.005227
-0.033381
-0.004728
0.002859
0.018239
0.000388
-0.002371
-0.003367
-0.009310
-0.030022
-0.018490
0.004950
-0.001719
0.023367
-0.004460
0.008383
0.009776
0.001931
0.002826
-0.032774
-0.005804
0.013233
0.007150
-0.001457
-0.009669
0.011352
0.001358
0.017423
0.004587
-0.009708
-0.003574
-0.007205
0.010483
0.022764
0.008082
0.010327
0.000549
-0.011004
0.006323
0.014331
0.001424
0.012869
0.003817
-0.005991
-0.007938
0.005838
-0.018692
0.011156
-0.021922
0.019986
-0.004310
0.011852
0.011076
0.002921
0.002805
0.005837
0.011929
-0.001151
0.033383
-0.000947
-0.005169
0.010587
0.016827
0.007493
0.016707
0.004090
-0.004558
0.016538
-0.013522
0.003644
-0.007369
0.025594
0.004627
-0.006946
-0.013656
0.008312
0.016995
0.003482
-0.002300
-0.032519
0.002560
-0.002218
-0.006913
0.002562
-0.000337
0.020329
0.005166
0.004386
-0.009052
0.006090
0.008981
-0.004399
0.037725
0.002123
-0.004591
-0.003427
0.003417
0.017690
-0.012018
-0.009317
0.010384
0.015348
-0.019656
0.022346
0.004484
-0.000815
-0.006240
0.028031
0.037140
0.003934
0.044959
-0.024691
-0.012206
-0.010020
-0.015352
-0.015545
-0.009155
-0.011227
-0.011375
-0.005594
-0.000314
0.013442
-0.005778
0.005852
-0.001715
-0.006471
-0.002236
0.017531
-0.015967
-0.021395
-0.004587
-0.008690
0.008327
-0.000265
-0.004692
0.003373
-0.009458
0.001060
0.004357
0.029985
0.001727
-0.000009
0.002341
0.016043
-0.048449
0.022699
-0.000567
0.004915
0.005237
-0.000623
0.003093
-0.004663
-0.012580
-0.011799
-0.003958
-0.028418
-0.008252
-0.008091
0.016737
0.004954
-0.011707
-0.010846
-0.002101
0.002554
0.006682
0.013020
0.007501
0.014133
0.014079
0.004257
-0.000538
-0.003640
0.007756
-0.005113
0.009532
-0.004390
-0.010132
0.004124
0.009624
0.021437
0.007180
0.001917
0.015780
-0.009212
-0.076368
0.004336
-0.002563
0.004280
0.007283
0.017285
-0.005713
-0.004001
-0.002080
-0.007216
0.004827
0.004009
-0.002330
-0.088952
0.011760
-0.005056
-0.015341
-0.007289
-0.007528
0.003546
0.005306
-0.006355
-0.020690
0.020699
0.000929
0.039605
0.028985
-0.000716
-0.010098
0.004969
-0.005781
-0.058941
-0.002771
0.010237
0.004693
0.002166
0.000467
-0.013748
-0.020384
0.016319
-0.002914
-0.005694
0.009871
-0.003404
-0.009939
0.015320
0.011768
-0.007175
0.002053
-0.000899
-0.048490
0.003185
-0.002301
0.014877
-0.001448
-0.002484
0.004975
-0.010437
0.007760
-0.002482
-0.002776
0.009052
-0.017223
-0.003935
0.009318
-0.014774
-0.006289
0.003008
0.000004
-0.007817
0.012592
0.003880
-0.004316
-0.001921
-0.006076
0.000886
-0.012060
-0.018299
-0.008468
-0.064651
0.012216
-0.013473
0.009100
0.000954
-0.003685
0.007189
0.002935
-0.003768
-0.004430
0.010176
0.005395
0.011297
-0.000172
0.033141
-0.007034
-0.001415
0.011117
-0.006581
0.005249
-0.006931
-0.031534
0.002348
0.012650
0.001949
-0.007180
0.010969
0.010144
-0.022248
-0.016995
0.021363
0.003556
0.002231
0.000818
0.006577
0.001091
0.009234
0.005247
-0.027471
0.016716
-0.006955
-0.009316
0.017611
-0.012381
-0.003652
0.003875
-0.066497
-0.014482
0.008502
0.015333
0.003275
-0.008567
-0.000579
0.008497
0.021324
-0.003580
-0.020025
0.003502
0.008982
0.016410
0.009546
0.000151
0.003428
-0.013690
0.012914
-0.004569
0.023967
0.004158
0.008953
-0.089896
-0.009292
-0.176963
-0.012447
-0.008488
-0.009139
-0.030780
-0.002843
0.012093
-0.006859
0.010462
-0.003563
0.009627
0.007503
0.007470
-0.033140
0.001444
0.000463
-0.011081
0.000227
-0.000117
-0.038906
0.000026
0.017783
0.015186
-0.002932
0.006915
0.018920
0.005103
-0.018592
-0.012552
0.005474
-0.022170
-0.000851
-0.002279
-0.001463
-0.004560
0.013060
0.017146
0.009842
-0.023524
-0.013779
0.016228
0.008216
0.011692
0.008447
0.011806
0.000648
-0.013216
-0.000793
0.006698
-0.009497
0.014713
-0.003861
-0.007587
0.009883
-0.005881
0.001457
-0.005170
0.006938
0.014190
0.004827
0.000232
0.007814
0.051508
0.024136
0.009278
-0.017365
-0.009118
0.006926
0.014814
0.007221
-0.002208
0.012536
0.005123
-0.027465
0.018921
0.011252
0.004762
-0.002860
-0.007084
-0.004663
0.006460
0.039731
0.009934
0.018800
0.003763
0.064153
-0.007250
-0.005191
0.005801
0.007453
-0.058462
0.005232
0.000917
-0.043788
0.003861
0.007904
0.010395
0.004273
0.006407
0.017759
0.004799
-0.031591
0.014881
-0.001980
0.047463
0.003871
0.006956
0.007518
0.018675
0.003237
-0.016501
0.012778
0.002830
0.021626
0.014163
-0.002334
0.016926
-0.100409
0.005998
0.033164
0.015202
0.008905
0.007884
-0.012677
0.002619
0.007524
0.003690
0.003679
0.018583
-0.016338
0.004824
0.006952
0.001945
-0.027726
0.132528
-0.006607
-0.030898
0.002959
0.003591
-0.065979
-0.018241
-0.001561
-0.020995
-0.006900
0.007013
0.003894
0.000240
0.007372
-0.013606
0.018685
0.002735
0.022163
-0.022338
0.006325
-0.021078
0.010101
0.006535
-0.048366
-0.006420
-0.008746
-0.008859
-0.076303
-0.005456
0.002975
0.008744
0.031204
-0.031766
0.004279
-0.020918
0.009668
-0.005113
-0.017621
0.000091
0.038802
0.009061
-0.000909
-0.001517
-0.008821
-0.000031
0.076679
-0.020579
0.010090
-0.002076
-0.010093
-0.017571
0.001938
-0.018748
0.022983
0.024193
0.012672
-0.004880
0.007327
0.025346
0.012548
-0.005256
-0.009918
0.005328
-0.007588
-0.023014
-0.011888
0.008455
-0.014621
-0.003294
0.001638
0.024630
0.006908
0.019340
0.013821
0.002311
-0.004738
0.007056
0.064098
-0.015853
0.004377
-0.008753
-0.009913
0.033919
-0.029038
0.006921
-0.002920
-0.003158
0.002666
0.009108
0.014750
0.008482
0.009344
0.010023
0.004339
0.006927
-0.009243
0.001659
0.008211
-0.003118
0.005097
-0.006139
-0.009723
0.029082
0.012695
0.011409
0.017271
0.036058
0.018092
-0.028447
-0.000589
0.002528
-0.006133
-0.001018
-0.003973
-0.002805
-0.017121
0.009494
0.018353
-0.025681
0.008401
-0.000999
0.036849
0.001797
0.003427
0.010843
0.020767
0.004800
-0.002345
-0.010227
-0.005214
-0.008155
0.011575
0.002078
0.001857
0.002660
0.001025
-0.021882
-0.023118
-0.009145
-0.022518
0.003238
0.005507
0.015493
-0.026874
0.007601
-0.004042
0.010767
0.007503
0.032676
0.004433
0.017619
-0.011592
0.008618
0.005957
0.013040
-0.013102
-0.013714
0.022522
0.015479
0.008925
0.004416
-0.001462
-0.000266
0.012959
-0.003322
-0.009372
0.000643
0.011165
0.011978
-0.005065
0.006307
0.004950
-0.005480
0.004450
0.003796
0.036020
0.014074
-0.009023
0.020657
0.012812
0.096237
0.014253
-0.005889
0.008252
-0.006895
0.025922
-0.007285
-0.008303
0.014102
-0.004670
-0.012998
-0.020006
0.005257
0.009452
0.003224
0.015200
0.008980
-0.011736
0.005146
0.003653
-0.017838
0.006832
0.004008
0.003217
-0.019979
-0.063814
0.006887
0.005677
0.006804
0.011595
0.011069
-0.004005
0.001116
0.005803
0.010487
0.011762
-0.014711
0.007430
-0.013142
-0.019101
0.002761
-0.015952
0.004457
0.010909
0.041560
-0.011459
-0.007117
0.002511
0.006006
-0.027417
0.004128
0.005785
-0.006215
-0.005480
0.001377
-0.001895
0.036303
-0.010857
0.006465
0.012743
-0.000428
-0.008456
0.012205
0.054708
0.002789
0.007433
-0.010484
-0.008290
-0.014100
-0.302467
0.005271
0.011659
-0.018120
-0.017061
-0.004561
0.016577
0.012188
-0.022403
-0.007581
-0.005659
0.009003
-0.009881
0.006146
0.000318
0.006440
0.003164
-0.013724
0.007320
-0.002236
-0.005092
-0.007055
-0.013452
-0.013897
-0.000778
0.000175
-0.004826
0.005257
0.012391
0.017145
-0.002010
0.015086
0.011122
-0.064445
0.006643
0.004060
-0.007867
0.001002
-0.000516
-0.002297
-0.000781
0.001078
-0.030581
0.005278
-0.039131
-0.003980
-0.001602
0.020601
-0.003520
0.004221
-0.018237
-0.003768
0.026349
-0.002335
0.048171
0.008389
0.013231
0.000591
-0.001114
0.017236
0.005234
0.039651
-0.003432
-0.053438
0.012396
-0.006321
-0.018400
-0.021712
-0.005856
0.027506
0.007237
-0.005925
0.010710
0.006808
0.004473
0.001569
-0.011534
0.006594
-0.011959
0.017944
0.004602
-0.026131
-0.013819
0.005918
0.006839
0.079209
-0.007109
-0.056823
0.016793
0.000494
0.008170
0.000385
0.029623
-0.005396
0.024820
-0.003621
-0.042316
-0.013765
-0.004469
0.000733
0.013202
0.009962
0.012028
-0.007825
0.009745
-0.002372
-0.005907
0.024898
0.014128
-0.004298
-0.019967
0.008056
0.004862
-0.001216
-0.005272
-0.007474
0.001916
-0.004588
0.008214
0.017489
0.002329
0.004432
-0.008178
-0.005723
0.020705
0.000354
-0.051700
-0.002919
0.003128
0.004357
0.004385
-0.003211
-0.005826
-0.005698
-0.010068
-0.040727
0.017823
-0.013811
-0.001696
0.007483
0.013614
0.013381
-0.024483
-0.027643
0.004952
0.011257
0.003974
0.000250
-0.008575
-0.008220
-0.008632
0.006475
-0.014258
0.016625
0.003188
0.001282
0.000750
-0.006162
0.000984
0.005639
-0.015921
-0.005944
-0.009126
-0.000137
-0.018989
0.005735
0.004028
0.007764
-0.008564
0.016681
0.024024
0.013939
-0.008702
-0.005273
0.006610
-0.014701
-0.012613
0.009951
0.028288
-0.017073
-0.017257
0.001068
0.035100
0.002188
0.003901
0.007811
-0.003309
0.003787
-0.002988
0.002028
0.006238
0.003138
0.009454
0.007996
0.005177
0.014274
0.086365
-0.016258
0.011829
-0.035425
0.009131
-0.011116
0.000387
0.007923
-0.001931
0.000704
-0.011952
0.002428
0.013647
-0.002568
0.012868
-0.003687
0.000063
0.017273
-0.006827
0.018057
-0.020195
0.008508
0.005509
-0.002921
-0.007059
0.008002
0.013097
-0.000346
0.014144
-0.007587
0.030661
0.023271
0.001388
-0.012876
-0.013687
-0.006805
0.009753
0.005620
-0.012910
0.054917
0.008602
-0.015306
-0.027105
0.008054
-0.032419
-0.017232
-0.053879
0.002769
0.001483
-0.013769
-0.010738
0.010248
-0.039201
0.003602
-0.012108
0.060571
0.006832
0.023250
-0.006588
-0.006750
0.026102
-0.009696
0.001416
0.004670
-0.000504
0.011471
0.008089
0.010150
-0.000429
-0.012136
0.007777
0.017668
0.010278
-0.003592
-0.007823
0.009872
0.010760
0.012666
-0.011783
0.020050
-0.012599
0.010084
0.006140
0.001914
0.004001
0.023467
0.020313
0.007397
0.011804
-0.013314
-0.010032
0.009175
0.007911
0.008849
0.005893
0.005331
-0.001818
0.026711
0.004527
0.000253
-0.006744
0.002028
0.012470
0.000007
0.016720
0.009632
-0.012488
-0.001404
-0.016122
0.006320
0.004196
-0.021164
0.003108
-0.026290
-0.003589
0.009491
-0.008538
-0.006995
-0.010892
0.008297
-0.012988
-0.020606
-0.001583
-0.007272
-0.001540
0.015350
0.007235
-0.008592
-0.012626
0.021874
0.008981
0.008726
0.012603
-0.029139
-0.001952
0.008913
0.012068
0.000728
-0.000239
0.043958
-0.002709
-0.007993
0.051129
-0.014244
0.002832
0.014356
0.002636
-0.001965
-0.006557
0.008428
-0.015905
-0.004203
0.021316
-0.003273
0.000803
-0.004680
0.003457
0.003643
0.006815
-0.003703
-0.005539
-0.004573
0.004322
-0.007206
0.003148
-0.010569
0.007889
-0.003027
0.011631
-0.014192
-0.003646
-0.018617
0.007817
-0.062145
0.029703
0.002362
0.004841
0.001937
0.009438
0.014548
-0.005648
-0.011430
0.003418
0.018546
0.010898
0.001398
0.033496
-0.023413
0.033892
-0.047823
0.002847
-0.024654
0.009579
0.000282
-0.013738
0.007558
-0.010282
0.009631
-0.011469
0.015011
0.040464
-0.005309
0.004795
0.001518
0.004576
0.015838
0.005154
0.010070
0.019555
-0.001146
-0.005571
0.004962
0.018203
-0.000585
-0.024313
0.006699
0.004268
0.001920
0.007919
0.005156
-0.003741
0.006920
-0.057183
-0.014102
0.003133
0.000597
0.010771
0.020142
0.016938
0.011019
-0.000389
-0.004808
-0.015971
0.001938
-0.006822
-0.022006
-0.011750
-0.003605
0.040439
-0.036934
0.011174
0.005725
0.005706
0.001184
0.009629
-0.028903
0.001961
0.000780
-0.011606
-0.035730
0.038703
0.009753
0.003951
0.006223
0.011148
-0.019531
0.010922
-0.018632
-0.025586
0.019901
0.006134
0.011258
-0.007136
0.001868
0.014462
0.031068
0.059468
0.011607
0.006960
0.015716
0.059656
0.001549
0.005721
0.034453
-0.000711
-0.071515
-0.000550
0.006731
0.002104
-0.016601
0.019375
-0.039820
0.006596
0.019153
-0.016480
0.007775
0.017646
0.004503
0.007189
0.024297
0.039862
-0.010996
0.003598
0.004392
-0.076731
0.005771
0.016426
0.012435
-0.004703
0.008341
0.006366
0.000106
-0.005496
0.007745
0.004327
0.009456
0.001686
0.010395
0.010134
0.004501
-0.003718
0.009106
0.011670
-0.038810
-0.020878
-0.024632
-0.010137
0.006309
-0.004960
0.014596
-0.004818
0.002540
0.007312
0.008966
-0.026128
-0.015383
-0.012058
0.016174
-0.003409
-0.000656
-0.064225
0.008578
-0.004270
0.012717
-0.013731
-0.008699
0.045269
0.053880
0.001789
-0.014986
0.003323
0.000931
0.033080
0.041161
0.010791
0.009729
-0.005546
0.001586
-0.011162
-0.021053
-0.042441
-0.000618
-0.009335
0.011108
0.010224
0.000258
0.002616
-0.003547
-0.009986
0.007774
-0.038916
0.021506
-0.000071
-0.010945
-0.004432
0.013214
0.012738
-0.033426
0.045528
-0.031538
-0.019498
-0.015999
0.006700
-0.006866
0.007424
0.010566
0.002927
0.015771
0.011381
0.002625
0.022693
-0.016230
0.019630
0.005148
0.008683
-0.004680
0.006256
-0.008190
-0.007847
0.004497
-0.009367
-0.000426
0.022438
0.002296
0.004478
-0.000690
-0.039533
0.015293
0.009481
-0.000471
-0.003402
0.001621
0.026569
-0.017082
0.010129
-0.011257
0.002483
-0.001427
0.002509
0.004856
-0.018619
0.022160
-0.002789
0.013691
-0.082126
-0.010923
-0.028410
0.011289
0.132563
-0.007505
-0.002595
0.002282
-0.020780
-0.005563
0.006985
-0.010052
-0.004640
-0.006672
0.002302
-0.001795
0.001768
-0.013636
-0.001468
-0.006647
-0.020489
0.010361
0.012654
0.014827
-0.006998
-0.008928
-0.037376
0.019590
0.007857
-0.005921
0.001914
-0.006407
0.010824
-0.004154
0.003255
-0.013545
-0.069461
0.000731
-0.013343
0.004652
0.001202
0.011064
-0.006317
0.002951
0.005203
-0.006528
0.022582
0.004254
0.005565
-0.020456
0.048121
0.000612
-0.005146
0.010311
0.015179
0.001941
-0.003575
0.008374
-0.005852
0.032405
0.002357
0.003473
0.016263
0.008836
0.024409
-0.002892
0.007051
0.007295
0.008045
0.000615
-0.032907
0.084986
-0.016199
-0.023677
0.014483
-0.018772
-0.002202
0.020845
0.004679
-0.006093
-0.000094
-0.004691
-0.010103
0.036778
-0.007340
0.010426
-0.003928
0.021633
-0.050749
-0.024349
0.004694
0.030858
0.007778
-0.002815
0.006643
-0.029378
0.005389
0.008184
0.001567
0.002494
0.005018
-0.066850
0.002366
0.011921
0.002287
-0.011892
-0.033161
0.001660
-0.003104
-0.002474
-0.018573
-0.014010
0.024515
0.004619
-0.006255
0.006308
0.010853
-0.008683
0.007096
0.006136
0.010715
-0.008225
-0.015433
-0.015367
0.000472
0.010280
0.011712
0.005116
-0.007987
0.017715
-0.010049
-0.013138
-0.000992
0.000393
-0.006936
0.018828
0.007653
0.012514
-0.012083
0.008756
0.008910
-0.006077
-0.001083
0.005707
0.004489
0.001702
-0.004626
-0.021717
-0.001323
-0.004721
0.009326
-0.007990
0.008131
0.002849
-0.012493
0.007365
-0.016574
0.047605
-0.007739
0.010236
-0.009206
-0.009912
-0.012348
0.008555
-0.026841
0.010646
0.000657
0.162383
-0.013655
-0.005830
0.002028
-0.003506
-0.026463
0.012418
-0.000625
-0.016974
0.003894
-0.020356
-0.009690
0.012586
0.009065
0.008030
0.006642
0.016757
-0.006195
0.015583
0.006697
0.007471
-0.003496
0.011165
-0.013708
0.004746
0.007725
0.010293
0.013573
-0.000037
0.011085
-0.009217
-0.011486
-0.002960
-0.002316
0.011817
-0.001785
0.014807
0.007091
0.010282
-0.009072
0.016056
0.007438
0.008582
-0.000008
-0.007069
-0.000492
-0.006459
-0.012164
-0.019263
-0.004503
0.005720
-0.014520
0.017643
0.003689
0.003595
-0.017372
-0.000769
-0.007579
0.002013
-0.000606
0.010713
-0.013502
0.000031
-0.018573
0.011662
0.000191
0.003822
-0.012229
0.003539
-0.006937
0.017937
-0.006824
0.020074
0.004309
-0.003521
0.014519
-0.040010
-0.006566
-0.056593
0.017763
0.000862
0.002035
-0.007262
0.003512
-0.014960
-0.004802
0.084020
-0.017701
0.000926
-0.003751
0.012605
0.004516
-0.018087
0.004555
0.006513
0.052986
-0.004059
-0.004770
-0.007396
-0.039308
-0.001105
0.010671
0.018849
0.018348
-0.006419
-0.015549
-0.003098
0.038641
0.016653
0.005404
0.017091
-0.037125
0.004155
-0.001937
-0.008645
-0.002642
0.003722
0.007412
0.008776
0.002828
0.002947
-0.005839
0.038584
0.010400
0.008923
-0.003263
0.072952
-0.016274
0.014071
0.007093
-0.083178
-0.001666
0.018536
0.005405
0.014976
-0.044446
0.001253
0.017976
-0.015346
-0.008264
0.003948
0.011819
-0.025399
-0.032128
0.005218
-0.013056
-0.000174
0.011990
0.000962
0.001256
0.002250
-0.005351
0.002643
0.002192
0.004783
-0.002311
0.011743
-0.013559
0.038145
-0.013538
0.006570
-0.005791
0.001207
0.000581
0.003806
0.051962
0.002782
0.008442
0.012163
0.002449
-0.016268
-0.014126
-0.002966
0.006278
0.001743
0.005822
-0.027040
-0.003309
0.017635
-0.000544
0.007178
0.004709
-0.003149
-0.002508
0.006989
-0.003397
0.006080
-0.004350
-0.011540
0.006936
-0.001654
0.004387
0.000736
-0.036013
-0.005733
0.016582
-0.002056
0.027945
0.008126
-0.017859
-0.007942
0.029030
0.006039
-0.015472
-0.021944
-0.038912
0.028413
0.005553
0.043590
0.075268
0.001961
0.001343
-0.019452
0.021701
0.006693
0.029189
0.014200
-0.017479
-0.000570
-0.013156
0.017722
0.010378
-0.014047
-0.001466
-0.000563
-0.008359
0.012353
0.001621
-0.018608
-0.005589
-0.007846
-0.028903
-0.000376
-0.005230
0.008374
0.001779
0.001968
-0.005099
0.021032
0.009901
0.010411
-0.010139
0.006331
-0.006853
-0.018063
-0.012053
0.002679
0.003321
0.008843
0.000408
-0.004028
-0.000892
0.038692
0.022720
0.008249
0.007226
0.009248
0.022877
0.039363
-0.000849
0.001920
0.002192
-0.005113
-0.000196
-0.007149
-0.018167
0.014339
-0.005151
-0.002732
-0.000552
0.001287
0.001676
0.000466
-0.007890
0.008410
0.029434
0.004132
0.014069
0.005746
0.016096
0.006491
0.012823
-0.006249
0.002707
-0.005668
-0.019797
0.000040
0.022209
-0.005782
-0.033854
-0.003140
0.001307
0.007720
0.051940
0.000436
-0.002156
-0.034605
0.018193
0.024229
-0.003445
-0.039656
0.003722
0.001699
0.002038
-0.019571
-0.006713
0.006482
0.007696
-0.007048
-0.013239
-0.013359
-0.007423
-0.006855
0.010892
-0.037411
-0.010990
-0.014507
0.044274
0.005782
0.002981
-0.011855
-0.006892
-0.000417
0.019737
0.017710
-0.006433
-0.003984
0.002440
0.010346
-0.019338
0.012325
0.011538
-0.020505
0.003183
0.007739
-0.007690
0.019081
0.001841
0.002258
-0.014514
-0.012378
0.003813
-0.003388
-0.014148
-0.007793
-0.012813
-0.010473
0.000752
-0.008868
0.012519
-0.005191
-0.002300
-0.000489
-0.000373
0.004911
0.001932
-0.020090
0.001896
0.008428
0.009890
0.004514
0.026190
