-3.253430
-8.871329
0.651191
2.832410
-2.445772
3.182466
3.355183
6.397771
0.675925
-5.636217
8.449609
2.299107
-0.496654
4.611078
-1.197389
4.915003
-9.066401
-1.296910
-3.488193
-0.926064
0.605995
0.873962
-4.868837
0.598847
5.244848
-1.349339
4.473017
8.526344
2.148552
0.753855
2.855452
-6.833899
-11.041046
5.370573
-8.761888
-11.477911
-3.918269
0.156342
-10.688190
-7.180679
2.850439
3.429849
4.342744
3.972783
-4.048853
-7.074887
-4.357705
2.880044
9.387096
7.748591
2.609319
3.255729
-7.348554
6.862731
-0.717891
0.678615
-8.766406
-5.442684
-1.122163
-9.580463
7.016514
-1.215674
3.645300
-3.687200
-0.114246
0.400068
1.124361
-4.486778
-7.406398
-10.022135
-0.741613
1.830659
-0.076502
5.231572
2.995110
9.847847
5.824655
6.161014
4.377493
-1.101360
-1.686916
3.132801
3.911214
7.564819
-10.071032
-4.481771
2.197273
-4.924520
3.153736
2.448831
-8.270001
3.535154
-2.499122
7.745517
-5.377470
1.010409
3.198421
1.625910
-3.819173
-3.242081
4.325495
-8.978581
3.523092
-0.470150
-0.691800
-1.239814
-2.686462
2.876450
-7.771125
8.685795
-1.340794
-1.834625
2.841868
-1.120992
-3.733315
1.963641
-8.010900
-2.641974
2.092989
-3.217568
-2.714401
2.038309
5.365748
7.897986
2.357042
-0.408192
-6.890251
-1.636172
-8.001636
3.286600
8.531343
4.915570
-1.609755
4.533446
2.509872
15.128361
-1.343731
-8.622836
3.364846
3.951767
2.749944
8.248021
1.553049
0.186027
5.864957
3.066532
1.041858
-7.293197
-1.449746
7.994753
-3.740427
-2.647260
1.023668
-1.728583
5.079611
-6.904467
-1.765258
-2.542011
11.133951
-1.694243
-4.081317
-1.647461
4.750350
0.828398
-7.287161
8.958624
1.329848
4.677482
0.293710
1.856378
-3.957940
5.338603
4.551379
1.624148
4.560622
3.254656
-0.963272
-9.487677
-2.093038
6.193773
0.842922
-6.238391
-2.714935
1.905643
-0.910447
-2.489507
2.885685
5.097166
8.020022
7.967741
-1.145649
-2.791830
2.776362
-0.107991
0.132037
5.151026
2.453320
3.810353
6.904874
-2.756357
-0.289926
-0.477707
3.995341
-4.092515
3.745858
3.768660
-4.630332
-3.288351
-1.310180
5.938379
-6.479295
-7.081560
7.019474
10.769732
2.718971
-6.246948
5.444120
-6.396035
4.660220
1.953752
-3.369095
-0.930498
5.299845
-2.615359
9.492899
-1.038787
-5.226167
6.925293
-0.848878
5.232791
-5.151538
3.262974
3.748146
5.150460
-2.040336
0.048137
1.281923
6.292014
-3.476226
5.501386
2.827075
-1.077974
5.663418
-1.022684
-6.848569
6.717110
-3.092907
4.194123
-0.051788
10.119993
7.020292
4.530936
3.893298
1.334496
2.970611
-2.903022
0.631336
4.368319
-2.686738
3.799725
5.728689
2.145100
1.919288
6.158351
-3.103424
-2.062696
-1.002234
4.569111
6.093135
-6.400524
-3.894606
0.334863
7.622095
7.096517
8.026271
1.457580
3.935548
8.785368
-5.631927
-2.135061
5.773605
-1.494524
4.235865
-1.025658
-1.999723
-3.590540
-0.079322
1.246311
5.004701
0.648979
-4.661925
-2.314842
3.104417
6.186771
6.857264
4.852515
-3.279432
-8.680150
5.567497
-6.196489
6.770314
4.040664
-3.862412
3.872209
6.811209
3.527924
2.642913
-3.890705
1.758151
2.604059
-2.858667
-7.696747
7.731931
-4.031666
-1.526023
6.212485
1.327649
-1.475156
8.507730
2.527283
-6.574306
-0.113161
-0.270136
0.639184
6.812381
0.833630
2.066833
6.837039
0.838988
-9.978092
11.139295
-5.059684
-4.712075
-5.729057
-3.145886
-2.140643
2.107868
-10.682421
-9.712438
2.881363
-3.706635
-5.364175
-6.647086
-5.636908
-5.105081
7.437333
1.548575
-7.243828
-0.199026
2.268888
1.492986
1.259489
-1.677728
3.609512
0.201542
3.106158
-1.494388
-3.013881
-1.584439
-4.620873
5.171260
9.814029
6.083545
4.210780
-2.814178
4.169531
4.940560
6.484377
5.551329
-9.366071
-2.486619
-3.085511
-0.719204
0.654916
-2.071293
0.870394
3.291483
-7.294725
-9.818061
2.956276
-0.042288
-2.526949
10.045005
2.307273
3.607293
-3.249007
-4.723747
3.032968
-3.150436
0.739636
2.849383
-0.151119
-2.837690
6.720972
-0.572745
6.373464
-0.491984
-1.797337
5.380685
9.838713
7.253963
1.593355
-0.443313
7.850330
0.460012
4.978398
-1.483720
-3.556209
2.308529
-5.029142
1.700224
6.996234
6.921486
-3.267545
-8.237292
5.045730
10.396393
4.944740
-2.520455
4.766795
-3.310491
9.246032
-3.843061
3.649299
1.774530
3.016333
2.514921
3.782104
-3.348980
-3.437543
1.293087
5.725395
0.865839
-0.023928
-1.283895
2.203586
-6.361504
-3.948062
8.550432
3.472326
-12.918074
1.724171
-0.960578
0.243127
-3.598665
1.868742
3.297539
-3.345738
-5.211246
1.752491
4.733630
2.039160
1.016658
-1.607770
5.101060
1.017642
-2.089976
3.336391
6.516513
8.363788
5.478008
3.328075
-5.344058
1.916402
1.297703
-3.295330
-2.764508
7.370119
-0.874752
-1.433633
-1.656801
-1.217455
-15.783932
-4.493678
9.076332
8.400523
-1.598763
6.852616
-1.537177
-10.725015
15.844240
3.848751
-0.906607
3.878930
-3.971968
7.289406
4.348892
9.519250
-2.476523
1.569524
-1.120951
-6.100466
0.037071
-4.498409
5.178120
6.296342
5.392638
-5.983779
9.793474
-4.218102
2.803584
-1.181479
5.903435
-7.547743
3.651156
13.747415
6.014976
-5.108016
0.246846
0.804513
0.227324
-3.049959
3.939005
-1.611754
8.398790
2.390020
0.084911
2.504665
-12.518734
2.718532
3.996622
10.034575
-12.660186
3.578344
-0.953313
-1.702870
-2.142474
-7.423832
-6.693772
2.867241
-3.290101
0.114380
0.157565
-0.995127
-0.520964
-6.292132
-1.925097
3.030720
-0.901937
1.488187
-1.821470
2.147476
5.630652
-0.847486
-1.860605
-0.045754
-8.733510
-4.153439
-17.364756
0.705417
0.454546
2.624062
2.489365
4.254578
-2.177236
-1.610169
-1.260673
1.670523
-2.087151
0.312816
2.713416
-6.876266
4.152205
5.904811
-3.014143
3.401908
-1.136362
7.849496
-10.532785
7.348243
8.634896
0.696690
3.685819
2.413970
-9.099963
-5.994747
6.687808
1.590746
-7.591031
5.036758
-4.466574
5.757262
-5.483841
3.486019
0.008210
-7.631993
-0.907953
9.180140
7.067667
5.146214
-0.778265
5.747060
-4.267100
6.535536
-0.505803
-8.739454
2.605823
1.255290
5.343133
-0.561110
4.428376
7.517071
3.320634
10.664249
-6.094249
-2.361001
-9.109663
0.571744
-6.326341
9.149320
-0.206848
-5.191630
4.160436
1.557915
7.556274
7.341026
4.663179
2.259898
1.483351
1.983278
-5.292443
-5.173856
-3.129933
3.904722
1.868643
-2.335342
-8.528443
3.874200
2.149136
6.150959
-3.805563
-0.925947
5.208958
-1.318398
0.630098
2.813619
1.178426
-2.802515
-4.705508
1.489180
4.299168
4.490947
2.049979
-5.621546
-2.940968
0.684008
-3.729308
2.775386
-0.087988
1.613334
-1.183755
4.596083
0.708506
-1.398632
1.982766
-5.183267
-1.004003
-1.177868
0.036749
-5.452716
0.334588
2.798935
-8.915315
3.991357
4.072064
3.526672
8.551826
3.961222
5.675234
4.230234
5.550012
1.167905
5.523323
-0.042428
-12.186155
2.836903
-6.854248
11.488642
-2.280846
2.733422
3.791374
6.387851
-2.198501
2.682324
8.573888
-0.129377
-6.745543
0.563302
2.990319
-5.349982
5.365582
-1.770500
-8.642721
0.483682
1.068675
2.662843
-0.133135
10.666522
-2.662726
-0.595887
-0.333064
2.822743
-1.637894
4.425515
-3.817884
-2.389096
-3.516160
-5.965237
1.854082
3.349402
-1.824210
-0.862909
6.591553
4.718171
7.562649
4.626472
-4.815283
1.594209
3.574362
3.629804
-1.430482
6.421857
-10.492772
0.278846
1.551855
-1.932021
1.042610
3.796661
-8.205143
3.964067
-5.666317
2.940436
8.725872
0.456718
3.057256
5.940071
8.741620
-4.136070
7.851637
1.994533
-0.873266
1.300528
1.405424
3.070556
3.202746
-6.459319
-4.594435
9.555971
-2.687748
-3.420437
6.189505
-0.740959
-1.979961
8.745962
1.776091
-0.342296
11.252460
3.762864
1.143485
-3.933477
6.924943
-1.201749
-2.856927
5.487758
-5.357365
-7.275576
0.315604
1.315220
4.262954
0.343303
0.025315
-1.880404
-2.478624
6.567139
-0.422513
4.201110
5.698568
-7.529113
2.169420
-9.059311
-5.930386
-0.933741
-7.377834
-4.608353
-1.910288
-0.716317
13.768134
1.976011
9.490203
0.701875
-4.328543
-7.931471
1.675607
3.318014
6.120297
-1.255923
5.787200
3.624788
-0.767025
8.120053
-8.086599
-4.822719
2.663323
8.312862
1.464406
1.964288
-0.957250
-6.417898
-1.118358
-1.572059
1.493195
-3.007720
-10.924975
5.387551
-4.937470
-10.999474
-1.578780
1.245733
8.547548
1.654117
-6.565815
-0.368320
-8.529499
-2.406543
3.926414
5.443559
5.691944
-5.836303
1.417636
-0.546866
1.122664
-1.377540
4.988916
1.805536
-7.453618
-4.957083
-3.721746
4.695112
7.352562
-4.841522
-12.886081
4.640814
10.003159
6.745583
-9.293770
-4.887896
7.189542
1.892957
3.313603
3.753554
4.948102
1.321338
6.925529
9.440198
2.305115
0.641907
0.079561
1.212590
-6.815627
2.708944
0.267241
9.143751
0.222212
3.208305
2.899941
-0.994612
-5.238833
5.845438
1.625485
3.886123
2.905425
-0.839058
6.575581
-0.216824
5.833443
2.032874
0.468294
2.136396
8.255662
-12.230925
-1.920315
8.936363
0.870685
-11.610716
-3.220565
-1.492122
7.320921
4.457556
1.376918
-0.533735
-2.566239
-0.579503
4.578458
1.941984
0.955131
2.938113
5.476734
5.116748
7.201316
-1.635999
2.976123
-3.519200
-3.981558
4.008890
8.555378
-1.294268
-4.531463
5.712544
-7.149279
5.443927
8.200224
-4.400093
-12.779465
-8.936600
-4.040995
4.720155
-1.281598
-3.163597
0.733098
4.396570
13.273695
-10.559724
-3.368457
4.759609
6.724778
-5.363928
-6.785164
3.213030
4.568114
6.861811
-5.110462
4.287628
4.159623
1.980590
8.244030
3.913472
2.788621
1.895418
9.081332
2.468385
1.293297
-8.941251
-10.180141
-4.149200
5.849928
9.308215
-2.873566
4.146978
7.078845
-4.750656
3.287802
3.011912
8.910432
7.033067
-3.912578
-8.132160
-3.074625
8.654112
2.490243
-2.880474
4.143058
-6.352391
1.853232
0.916651
2.667526
5.718802
-7.893748
5.700271
1.247998
-3.869231
2.305547
9.085232
5.857075
6.264122
-1.424439
1.771176
10.006469
3.454610
-4.861055
3.157468
4.364177
6.719411
6.634685
7.721354
0.334014
1.318343
-3.011038
8.901148
-3.154119
1.960155
8.365754
3.480281
9.104022
0.069310
4.646851
-5.248515
2.965146
7.279828
-0.982295
3.267532
-2.137091
2.247823
-8.157910
0.366558
6.846117
-6.784124
-4.275419
0.043842
1.472312
2.883129
-2.075263
6.210295
1.986331
-0.430000
-5.598016
-10.479965
2.616988
5.439497
-3.964712
0.720361
-0.105577
4.095881
4.231343
-2.656872
-0.732371
-4.363660
4.194640
5.455389
-7.669137
4.152872
2.357119
3.174104
-2.015260
-1.481801
-3.172940
5.478395
4.059925
2.131220
-4.225446
-1.030311
7.344044
-0.119669
5.125285
7.461188
5.553668
-6.820166
2.035093
-0.761897
-2.993690
-1.336780
-7.898093
-2.580577
4.212364
8.869830
-4.712684
1.355356
-5.955139
-3.892504
10.170819
3.103840
0.594525
0.385781
-4.253735
-2.147069
-0.793994
-0.680125
1.430152
-6.671187
3.703062
2.035269
4.816249
-5.450884
7.281812
0.536317
-2.127741
-0.160403
3.487846
5.448343
0.535875
1.922159
-3.978366
-0.933056
6.686912
-4.930505
0.768863
0.473023
-6.167552
3.036652
-4.265906
7.051857
-1.244632
5.680737
-0.262106
3.715003
-0.786882
-1.929909
8.320832
-9.058068
2.558308
-2.945297
-5.877028
-8.214264
-2.161441
4.908584
4.600349
-3.232903
5.418275
-10.135504
6.588169
4.927364
-1.823738
1.364253
8.293934
3.035207
-2.074826
-5.929734
3.532887
6.869323
-7.496482
0.464315
6.516706
5.165029
3.225396
2.065875
0.365151
-3.372055
7.065682
-0.078515
3.260611
5.425267
6.384877
-0.845028
0.727297
8.745379
0.854118
-7.288954
5.262564
-5.916838
2.671359
-3.144084
6.221795
1.598921
7.265307
6.703863
4.031246
10.913440
2.070665
3.948355
11.013580
-3.356542
-6.518283
-1.226210
2.222532
3.533817
-5.330526
-4.727244
6.249187
-1.205411
7.101944
9.670278
2.584175
-2.060571
5.309149
-0.138045
-2.337647
5.635460
9.265509
6.459321
6.892725
-4.307815
11.669977
-6.288717
-5.480570
8.246573
-3.836557
-2.105959
5.534905
5.882277
-2.221281
-1.288549
3.897451
3.158552
-7.090226
-3.363229
-8.324109
-3.130731
5.272115
0.148041
-0.519751
6.747270
-0.172186
-0.855078
6.265702
4.299065
1.181101
11.130236
-0.032689
4.495253
-5.329230
-4.095739
-4.798713
3.169434
5.791176
-5.129366
8.900685
-2.633979
-6.346754
-2.774263
-6.090080
-4.400992
-2.347202
6.588648
-1.206426
-6.798588
-0.018010
-1.866667
-1.406377
0.677264
5.433062
5.568525
0.076881
2.758984
1.511592
1.123912
3.704842
3.824339
8.335447
4.046284
-2.724021
0.914746
1.702193
3.841474
-3.126654
-4.927208
5.704616
5.865921
-7.450313
10.184473
4.533980
8.827154
-1.698839
5.154984
-9.819620
1.066919
-2.276585
1.501314
-1.548879
1.903862
4.928694
3.981109
-3.738363
-6.588212
-2.995357
5.916510
6.123288
3.227925
-4.235193
-8.359241
-7.903005
-6.061388
-6.425269
5.823936
7.936572
0.857784
0.965315
-3.242346
1.457389
-3.966347
-0.387351
5.573385
12.482305
-6.883308
2.891074
6.149761
-8.982876
-7.986556
-5.037742
-9.480157
-0.833144
3.867467
2.423364
7.599423
-0.381371
8.758141
5.837807
8.628457
5.126195
1.569844
3.546247
-2.869219
5.234820
0.567162
-1.035293
-1.778883
-1.141040
5.954924
3.277464
-10.913292
5.546111
1.554399
-0.188428
3.424340
4.499338
7.391843
11.094517
0.376333
-0.907780
2.076221
-4.633228
-1.369154
1.976487
8.447271
3.058734
1.878244
-2.083513
-4.818390
5.109094
-0.912087
-5.817507
-3.850932
7.344543
0.581066
-4.571844
-0.527919
-5.795752
1.697086
0.149986
2.203054
-6.026959
-9.114408
-0.305967
3.704279
6.893868
9.297221
1.366333
-2.433025
-4.160221
3.043927
3.428230
5.511736
-4.316840
-1.325084
-6.320522
9.669673
-2.232248
1.362097
4.144618
2.802909
4.532623
6.126706
6.324802
2.188824
-10.153417
-4.631052
5.970070
6.725169
-2.581225
-4.287064
-1.619017
0.132018
3.940280
3.987160
6.271610
-0.079141
-1.596192
2.610181
6.463446
7.301347
-7.352266
2.346263
-4.022836
-0.690594
1.797412
6.451031
-2.433189
1.934372
-0.089202
4.295452
8.277473
-0.313761
-1.591061
1.322091
1.690557
7.736961
5.100031
-2.959168
4.225361
0.060005
6.983890
2.849522
0.243007
-8.298937
-4.979032
1.189579
-2.335243
1.724339
-4.160741
5.623533
-6.362691
-0.525050
5.277163
2.209068
4.035091
2.117848
0.269054
2.488740
1.330115
1.000003
11.286075
0.029509
1.701783
0.097643
1.640644
5.198575
3.702471
-0.817019
1.897039
6.384810
0.187788
-5.830833
9.054016
6.600613
-2.887643
3.863498
4.051292
-3.039810
7.470480
-0.759740
4.192280
5.029194
1.448312
1.016881
6.844765
2.811549
0.662168
-1.048856
4.372209
-5.085193
3.308983
1.703081
-2.668832
-3.105235
0.387188
1.651800
-2.439512
-8.371718
-2.138352
-0.390886
7.337707
3.140664
-4.568329
-0.745082
2.849627
-6.147932
13.574314
-0.362166
-6.368161
3.209217
-2.286017
-2.796488
8.882967
1.540122
-1.575162
-0.407846
5.361881
-1.045445
4.828047
-5.928406
0.781507
1.623629
9.247157
-5.036826
3.319614
-4.857376
1.981688
5.939236
4.272833
3.704388
5.766008
3.952622
-2.212817
0.446405
1.768325
-0.881528
2.456171
-2.925773
-2.284143
4.209621
6.587313
-3.414852
0.169219
6.601292
-3.933033
-9.979287
-1.004061
1.325445
3.655959
-1.803234
-5.991674
6.613506
-6.834084
7.233208
6.524762
-16.129751
-1.118326
-3.555263
0.880957
-4.798149
-2.822137
0.658437
-3.284196
-3.037679
6.497330
-1.582557
2.643075
-3.698546
0.083853
-7.747973
4.424942
-6.263003
3.303290
16.968351
1.431557
3.151025
-3.068498
-3.996477
3.829566
-2.117932
-0.124870
8.055142
-2.438969
2.167123
1.625824
-2.315826
3.502943
-2.841253
-2.941870
-0.818638
-6.591156
-3.706204
8.059946
-3.460886
-1.236265
5.688406
9.205569
5.228740
2.152296
1.880425
2.446763
1.982156
3.811847
1.785904
5.683004
9.239322
-10.825697
-6.478190
2.475125
6.795273
-1.657051
6.488346
-1.306872
-7.840459
-1.492253
0.780506
1.371665
5.784127
4.689252
3.592509
-2.692815
-1.013946
-0.711264
0.500674
-6.220755
-5.963576
3.093654
2.329913
-7.899264
6.625175
0.551492
0.685745
-2.690054
0.446918
7.109484
1.358733
-12.144286
3.717716
5.852717
-3.348609
1.564756
2.776440
7.024606
-3.482439
-0.021678
2.604368
7.909153
-0.106642
-1.205434
0.449414
0.237471
0.821401
7.753561
3.021805
8.223677
-1.433092
-5.562680
-2.899864
-2.036796
9.028204
1.654812
6.290847
-0.451709
-2.609055
7.462721
-5.676958
-6.006854
-12.294064
3.262537
6.092800
4.706457
0.681244
4.687931
-2.118383
-5.548928
-2.537166
3.951022
-6.220045
2.925658
0.986220
-6.329892
-2.995789
5.319111
-7.062222
8.696669
-3.767744
4.011090
5.537726
5.966739
3.446393
0.603608
7.123619
5.493787
4.073149
7.690954
2.279685
-1.267543
-2.947106
-5.173884
-3.713008
1.104517
0.408785
-4.585656
3.675825
-0.154089
4.715523
-4.545085
-1.820364
-0.783575
-5.959584
-4.579571
-3.702734
7.212948
-5.432172
7.325546
4.056072
7.055605
-7.499802
-3.791449
-3.293391
1.967361
-1.276989
2.808850
8.293663
0.652016
3.432873
-4.779440
-7.988133
7.028091
-11.975546
-3.259340
5.266949
1.818494
-8.280590
-6.987934
6.484800
8.717252
-14.040469
-3.821341
-6.606894
0.223532
-1.837811
7.131180
1.603839
-5.459877
-2.445442
-4.802852
2.525326
4.086039
6.121688
-0.482812
1.529412
0.991125
-3.002912
3.604178
6.063618
5.948613
-0.532706
-1.831983
4.491287
5.375031
5.471475
2.540142
3.250202
0.504380
0.010030
-5.962759
-0.521824
6.285845
-5.471304
-0.796874
6.336599
11.106111
-3.659393
3.533981
4.766580
4.225734
-9.186714
-3.130049
-6.385765
8.160022
3.044123
4.210717
-3.422765
-2.730733
-1.246240
4.399430
0.761724
2.342125
5.571473
2.457243
2.629764
6.587246
1.355621
-0.204048
10.463060
-4.495990
0.324367
-1.097643
0.430592
-1.899594
2.061283
0.766997
3.988084
-1.234008
0.592052
1.069998
-4.283997
-3.976890
-0.438466
1.833556
-2.601086
-1.320742
-1.190540
6.079714
-3.054288
-10.380507
-5.108545
8.049658
-2.000935
-6.512899
2.206755
5.890091
2.774500
-7.699645
-2.732066
2.375179
-4.807146
-5.602220
10.486869
-8.639066
2.130106
5.073326
-3.925508
-4.694831
-2.803676
-3.126601
4.897705
3.568853
-1.183502
-6.654664
-6.045178
-2.087889
7.146264
-3.242349
-6.221188
2.875210
-7.200081
-12.174169
2.986417
7.393674
10.224877
11.335790
-7.373865
-4.562041
-9.767759
-0.373929
-4.939721
6.172842
1.556671
1.674756
9.447668
1.335430
-5.760325
0.502842
1.154305
3.568295
0.852642
6.192542
5.899244
2.033260
-5.917100
-0.078720
5.143598
-5.011675
7.003047
4.808077
4.547717
5.622671
-6.432770
4.974886
-4.606647
-5.492494
6.135515
-2.609267
-6.610418
6.248658
4.045584
-3.509647
3.706471
-11.888554
5.069451
5.381877
3.115910
-0.347027
4.756830
-8.145251
7.366298
10.813788
7.200063
3.572824
-6.119143
0.461139
0.310180
8.416107
-4.410265
-1.278681
-0.549345
1.943518
-3.055619
-5.981814
3.142624
0.384612
1.225616
0.816220
-0.924706
7.070112
-3.609536
-8.739493
-7.811607
0.588070
-1.180413
1.913413
4.337352
-6.843302
-1.432111
1.138351
-5.096321
-1.106128
-8.304366
3.206383
6.414712
4.926739
9.573514
-6.322512
2.198305
2.718088
2.755521
-0.646587
3.189276
-2.758097
6.782933
-1.295676
-9.427854
-0.768151
0.536012
7.584710
-4.324350
-1.866317
4.267526
-1.733430
3.766037
1.816037
-5.449462
1.571249
-11.047054
4.821300
1.891347
-0.380824
2.962039
-3.050933
3.867925
1.221721
-2.705459
-1.003673
-1.122865
-7.970732
-6.212295
-0.254577
-8.635758
2.963455
5.957131
-2.752577
-7.294251
0.847246
-1.281100
0.125432
4.709905
-2.659838
-11.089043
-1.234399
-7.057600
0.673976
8.829005
-4.678118
-0.562447
0.093972
-14.640909
2.015771
6.220797
-7.319677
-4.472489
0.370350
-5.147891
4.354197
2.972805
0.548924
-7.461257
-11.133257
4.104850
1.074102
0.685341
-2.869774
2.725748
-6.398760
8.314153
-3.897287
-5.258427
-5.636822
-3.263465
-0.160177
2.771032
-1.938876
0.255017
6.231824
-1.237492
-7.097833
4.316064
-0.376513
4.026752
-2.035437
3.847858
-0.226876
2.296086
-0.269598
-0.368158
-0.357912
-6.533834
0.764398
5.357557
-4.109451
0.808749
5.861446
2.646604
-1.100753
8.056777
9.102994
-0.917555
0.971643
6.351492
7.119529
1.955031
-5.785954
-1.012266
3.093881
-7.497915
-10.592115
-1.651938
6.308201
2.350293
-9.886185
-10.176025
1.008236
4.900906
0.194809
-0.294180
-2.645251
-0.428148
-2.414271
4.688836
0.478020
5.105609
3.714540
8.911462
-7.852775
2.113174
-2.807048
-4.180354
-0.548963
1.082241
-5.614866
3.912762
-15.227065
-2.841792
4.871826
1.310832
2.097128
-3.664905
1.875685
5.046114
4.759801
-4.670425
-2.761221
-5.453026
-4.337906
-6.170514
6.786779
7.737014
-1.667126
8.578226
4.469759
7.565032
8.054892
-3.557867
-4.151012
-3.733008
5.472154
-3.973605
4.458831
4.098801
7.084533
1.664900
0.757567
-4.673189
-9.116514
-0.025882
8.826551
0.717453
0.693058
2.767477
-5.349372
0.477953
5.064366
-9.513017
0.461730
-2.094690
-9.316712
0.029870
2.082961
-12.107466
-9.633636
-3.906639
-4.165027
4.902423
-5.749468
1.904266
-8.137641
7.464668
6.956285
-7.097636
6.284487
-4.553677
-4.389235
-1.661920
-4.752401
-2.147578
1.887380
1.844565
5.526933
1.944395
-2.307853
-12.619915
-0.023984
-5.268033
5.254659
2.559324
-0.337739
4.600093
7.275449
2.833195
-4.094760
-0.171799
-2.642726
-6.456802
6.643178
5.065419
7.002562
0.524250
1.418847
-2.025012
1.059318
-7.215957
7.767434
5.932552
-1.867863
3.158383
-2.068277
-6.251476
5.716507
4.612323
4.118435
-12.353443
3.501964
2.115066
-4.743138
0.271809
7.801087
4.779127
-13.348327
0.627679
-10.825442
-4.759017
-0.050543
8.375307
0.993098
4.041393
3.135257
8.353841
1.655642
8.410846
-1.648138
2.808723
6.276831
6.346511
-3.804286
-1.907158
-0.566227
5.745924
0.996727
-4.634530
1.997594
2.175667
2.604915
4.602589
3.511187
9.045172
3.339081
-3.502089
-1.650025
3.204220
3.089885
-1.250571
-3.232591
-8.277133
1.653660
3.958740
-4.130809
10.766127
-4.784576
10.585778
1.809308
1.557046
-5.995147
-7.582485
5.059926
3.157674
0.303754
-1.065554
-6.485586
-6.145058
3.484548
7.278426
-11.288219
10.045420
0.249274
-1.362574
-1.988125
-2.413944
7.564244
5.158279
6.234318
-8.230229
-4.386213
2.805705
0.593389
-0.120155
-6.867445
1.943246
2.482752
-9.099489
2.606301
7.783452
-3.327303
-0.315406
7.316237
-8.099089
5.053049
-5.581728
2.534720
5.076719
8.664814
-4.202728
5.468214
3.872256
7.817921
1.401105
2.831485
2.025090
1.606675
-5.684272
2.239394
-3.247341
-2.088025
2.132351
2.300756
0.775827
3.157905
-2.621258
-7.074895
-1.469226
5.973430
-3.186321
-5.210871
-7.605717
-0.704911
-2.612043
-0.421759
0.414200
1.476911
0.483081
-2.523192
6.875897
4.296812
3.717743
-0.556783
5.365949
-4.779209
0.686114
4.128283
2.890057
8.240485
-2.153195
-5.384096
-3.602380
-0.318517
5.275503
0.808593
2.301531
7.967852
-1.579081
4.326043
-2.059527
2.660360
-3.935952
-8.303726
-9.632459
1.535913
3.957506
-0.683959
3.501814
-4.636560
1.119931
5.002779
2.035383
8.871093
1.667787
4.932819
13.898736
6.088114
-5.204298
2.277901
1.419336
-2.080935
7.281574
5.296133
0.487071
1.930976
2.270662
4.266149
1.970395
-4.735434
4.052047
-5.424743
4.716144
12.090017
4.660886
0.842023
6.896041
7.310919
-1.748697
8.011043
2.945502
-1.678837
-0.529049
-5.069232
2.870798
3.423894
6.057501
-4.982171
10.606074
6.159348
-7.479380
7.003989
-0.530083
-2.596269
0.415295
2.197137
8.669841
5.035007
3.761556
8.350301
-6.985631
10.287091
2.587032
6.197321
-6.033202
0.792293
6.641353
6.315122
7.559997
-9.235301
9.310780
6.147630
3.369832
-0.810851
0.600866
-8.114487
-0.218198
5.144328
-9.084808
-1.817165
-3.928507
-0.298975
2.790655
-3.859968
-3.833990
5.238880
-8.978938
-2.528258
4.275612
1.308763
-6.416450
-7.363017
5.920572
1.586633
-4.821985
6.640603
1.339579
2.525609
-4.422980
-1.852787
-6.916842
-2.360568
-12.721929
8.341149
5.300552
2.151321
0.035805
-5.367512
6.934163
-6.148823
1.623363
-0.138353
-3.199984
-7.145695
-1.532894
-7.226110
-6.272958
-2.091691
-6.911134
-6.193708
6.582825
-6.398006
5.729564
8.469194
-5.049293
5.965838
-0.459965
2.020420
-1.295322
4.070694
10.376708
-1.776175
5.220447
3.679208
0.266824
-2.238028
3.046196
-7.919174
2.464486
5.229252
2.095923
5.483645
-6.238850
3.181182
3.950201
0.957549
-0.414898
-7.204975
4.990643
0.730592
-3.495040
-5.680708
-2.552486
-5.371414
-1.884516
4.233846
-4.283557
-5.807692
3.313530
2.406758
14.027386
4.821444
-8.631586
-2.370087
5.320736
-4.626957
-8.926914
0.513866
13.000616
-6.004337
-12.432448
-1.687430
-1.172666
3.505354
-6.248035
4.170225
2.595614
1.906490
0.613748
-3.732284
-2.568046
4.295451
2.897925
2.076457
9.632138
-11.904499
6.798951
-2.996872
2.448337
1.382916
2.692284
5.710294
2.560319
2.097442
0.743160
3.166768
6.319765
-2.249169
0.203233
3.653008
-6.694839
-1.570032
1.704305
3.300118
-3.820638
8.073525
2.465379
6.322969
6.043969
4.292139
-1.925460
1.701757
-0.677009
4.969798
6.561971
-0.807537
1.169184
-7.191574
-1.062638
-1.726796
8.221516
3.680016
-2.224589
-3.185321
6.144412
-5.826175
3.377080
9.934481
4.871631
5.285232
3.197973
-0.921584
0.508304
7.088259
0.334116
-2.685612
-9.306477
4.425375
-1.933524
3.116620
-6.087703
1.804829
3.125291
-4.023104
6.485592
1.589649
1.381878
0.668872
-7.796225
1.008688
-10.280917
-0.524913
-4.944976
-0.353106
4.357613
1.284395
8.656641
1.856708
1.783909
-1.916952
10.521384
-4.479768
-6.011886
2.876844
-2.591671
0.771217
-5.641427
-7.297831
-1.023108
-2.137924
2.434669
5.740353
-2.568825
-3.736510
9.905783
2.953497
7.615514
9.015326
1.717544
-1.960552
1.633327
-1.026394
4.775708
-0.086283
2.241869
11.087679
1.314003
7.975885
-4.967525
-5.804168
-3.260302
0.471830
-8.692045
3.021934
-0.752824
1.625934
-2.129092
7.110554
0.254246
8.604996
-8.194192
4.420067
3.205742
4.262594
-2.121060
3.981411
-8.986318
5.927317
2.176062
-4.400905
-2.163641
2.106888
5.333289
-0.048100
5.055884
1.566640
6.759502
-0.355782
-8.533973
3.446188
-0.355709
4.333410
-3.645948
-4.640621
-3.588255
-1.051848
4.430844
1.504969
-0.551211
-7.035235
-1.712642
9.588143
-0.613697
4.726589
-2.492382
-1.606713
2.934635
1.641704
-0.406447
-0.734485
-8.356976
6.154487
0.255543
5.584795
4.463381
10.952848
-7.699503
-9.587283
1.660309
2.018047
4.202666
5.385783
5.732017
-3.606411
-9.645372
6.486859
-4.213961
4.744376
-4.083616
8.248950
3.314123
1.440958
-9.221481
3.235794
3.208537
-2.001717
-7.422708
-2.923176
-0.015544
-1.062313
-8.021819
0.425718
-1.459146
2.863012
1.663700
-8.475450
-0.406816
-0.357151
2.283537
0.965290
-5.545731
0.659079
-6.908194
-0.280055
0.169038
4.237816
0.937834
0.839893
4.622754
7.690985
-0.815512
-7.337805
3.973848
7.421905
2.777020
-9.236461
0.192636
-4.674766
-0.022390
10.138389
2.721728
3.185484
4.138223
6.180367
6.104616
5.461718
-0.009292
0.893494
2.429864
5.044074
-0.433397
4.242917
3.969799
3.534438
-2.192158
2.288599
2.644629
-2.971576
-6.247050
0.751092
10.901438
6.082241
-1.662593
3.960725
3.614798
-0.972084
3.481479
3.119832
-4.446926
-10.690190
-5.817906
6.317277
0.296378
2.631833
1.524346
5.247793
5.365903
1.413034
4.127165
-5.335694
1.862598
0.623956
-4.064150
4.668873
1.890293
3.026160
6.060063
-7.503318
-1.401810
-3.285509
5.399044
-11.221312
-2.212029
5.734723
6.911843
-1.213746
-1.971420
8.196454
2.102710
-1.333559
0.822163
-5.668532
0.982938
11.729385
-10.082160
4.094874
4.318527
1.656503
-5.256789
3.013978
7.163571
6.106656
2.171345
-3.046566
-0.016964
-9.584044
-0.580363
-1.053193
1.098624
3.133694
-2.005643
0.743156
5.685212
3.999656
-6.901260
4.413709
-4.303223
-10.004008
5.212420
3.745949
5.211827
-4.027253
-5.691926
-0.320681
-7.418574
-2.960246
1.325312
3.838426
-5.163536
-5.123052
-0.601126
0.880320
-6.251186
-2.087072
-1.587771
7.637394
6.093047
4.888728
4.474111
-6.309216
7.264657
-0.369954
7.762335
4.396758
-1.270863
-3.311839
-3.007137
0.863415
-0.725065
-2.677305
5.279566
7.092474
-3.671031
11.099610
-2.140593
-0.966244
-5.933303
-2.264070
-12.137473
-0.421027
-2.533023
-7.518076
3.088085
3.982125
4.023969
4.545934
3.305877
5.649224
2.786682
4.646326
5.747257
-0.056301
4.627475
4.822720
-2.718586
2.336246
-4.797219
-4.668945
-2.453302
-6.583611
-3.971099
-2.961682
-2.057540
-0.743985
2.056394
5.783203
6.908801
4.264965
10.821130
4.753769
-4.290570
5.439313
-0.880196
3.121912
-10.202905
-5.575575
1.534952
5.160474
10.504901
-0.924222
-2.791569
1.832264
-1.090194
1.472785
6.056588
1.813274
5.221574
-2.599265
4.728131
4.916032
9.916797
3.236843
3.080402
1.632068
3.036912
-0.376997
4.980053
-3.777130
3.592041
-0.735402
-13.594725
1.621412
-6.572748
-3.659898
-5.306971
-3.578614
2.711256
-1.173360
8.286644
1.717273
0.377190
1.772692
9.342744
-4.740107
4.015602
4.839231
4.657323
1.692630
-3.852341
3.292583
-3.723802
3.819850
3.546084
9.328407
-2.829858
-5.514215
3.484793
-9.985460
9.045208
-2.809456
4.376561
-0.427965
-5.504957
3.075986
1.673127
-3.321074
7.567327
-7.922235
-4.290743
6.642674
2.742414
0.472889
-0.915370
0.107505
3.809157
5.338402
9.326125
6.115412
3.977493
2.255682
-7.998949
1.360143
2.282518
-4.572303
2.889453
-7.978016
4.095482
3.319029
2.584020
1.826053
-1.264105
-11.076613
0.314910
-4.234776
-5.688745
-5.978413
2.277154
0.967210
-7.092730
9.356730
8.175111
1.856533
-9.472203
-3.554834
5.744579
3.496736
3.430302
1.201967
3.008594
-5.388463
7.547709
-7.846603
1.731686
-1.187441
3.191814
5.003254
4.018701
7.318749
7.198796
-1.270172
-3.534857
-0.226437
0.932584
2.856007
3.681166
11.459331
1.226600
6.423762
10.791429
-2.420511
0.011415
1.435282
4.311607
7.412084
4.359578
2.647657
2.591092
7.857344
1.306737
-7.031364
-2.953495
-3.532271
9.071509
-2.239352
9.081616
6.836901
0.968543
2.596517
-3.033970
2.509298
1.931462
-6.775201
-4.077690
1.088442
-4.675056
4.537133
1.872187
3.894314
4.793555
2.440367
3.853516
4.573245
2.754765
-2.340804
-5.252837
7.685199
2.524562
1.825206
3.467983
5.590150
7.119385
0.535539
-0.724440
3.998582
-3.730776
-0.683930
8.291388
-5.558091
4.225168
-2.222087
2.357022
4.857059
2.625983
3.471338
3.131183
5.459701
-2.205913
5.516099
-5.832129
-2.105865
2.040513
0.331724
-4.125910
-8.521668
-5.100669
0.352969
4.219423
-5.755340
-6.201439
-8.359773
-3.622389
6.254902
3.053038
0.030658
3.359851
2.795601
2.990956
3.032196
12.263458
1.223760
5.328847
0.324492
0.224676
-5.686681
-4.070730
-3.716406
4.694511
4.913380
4.576770
3.298544
8.914127
7.844859
-0.730096
5.019356
-3.208242
1.483135
4.685869
6.537226
-2.908041
5.333688
2.014855
-0.668290
-5.045379
-6.648682
6.572762
-6.609791
-0.412999
5.956805
3.270929
0.880073
2.154821
7.327961
5.126916
3.720945
-4.390775
1.547360
1.609667
-8.794209
1.970723
1.719293
-2.924515
-2.845058
-8.312329
-0.411317
3.256625
-4.907639
6.414106
0.329824
-7.461498
1.149205
-7.510540
2.855939
5.712632
-3.949300
7.974572
-6.653031
2.234596
-0.810035
4.819148
4.033313
-0.687938
1.597360
2.178244
-3.072249
5.697587
1.315606
7.782571
5.379631
-1.847838
0.052127
3.045361
-2.857284
5.715343
-0.019237
0.671985
-1.994417
-8.616681
-1.361728
3.580324
-2.225812
-3.423839
7.951873
4.713621
-3.162858
-0.221716
-5.425331
-1.840133
9.551039
-8.052359
5.104168
-0.527047
-5.349219
2.726946
-4.343689
1.953963
-4.389927
-11.113233
-5.813446
6.125708
4.464530
3.950874
-8.373964
6.607834
4.162693
7.481230
8.987729
-4.084673
-5.906892
-6.524968
-2.748147
-10.007960
-2.595771
1.017821
-2.205736
2.602996
-2.767848
-0.127896
5.648790
-9.185545
-2.060269
-8.199689
3.589227
3.658713
4.983800
6.827702
7.330262
-10.012759
2.763655
8.164336
4.761616
2.038978
-0.982775
-6.810566
-7.307319
-6.329709
1.962604
3.663086
-2.247386
3.796815
3.718824
3.684973
5.568821
-6.196704
-4.084016
2.253475
0.904767
1.062991
5.844165
1.219860
-0.242833
-1.443174
5.512129
-6.965730
-7.111113
-4.059642
5.776223
-0.048789
4.963941
6.397285
9.441500
0.822349
-1.051465
6.792047
-3.878696
-3.659274
6.452220
2.011202
7.652536
-8.867477
-2.592767
1.249123
4.912975
4.814554
-2.054732
6.650732
6.463205
-9.949901
4.270826
6.388341
-3.072422
-12.017110
-0.794519
0.808054
-6.347763
0.442042
-4.427797
-1.370787
4.191565
-0.192116
-2.069633
2.427923
5.437477
4.599211
3.174355
-1.300884
3.725548
-6.029413
3.326210
-1.895665
0.475607
6.357092
-4.428069
5.882172
-1.027283
-5.821911
4.976017
0.665014
-2.453336
3.798341
5.187024
-0.247135
3.329967
0.170128
-2.085572
-0.742189
5.630956
9.552482
4.674933
-0.424279
-3.656447
1.530415
2.711771
5.884073
0.377050
-3.152845
-3.017018
-5.353112
3.761889
1.429190
4.185816
3.158942
1.393347
-2.035672
7.786535
4.523504
10.374316
2.380417
3.619156
-7.948812
-2.002229
6.294405
0.732506
1.342968
6.606653
1.797889
4.105236
-7.724471
5.665046
3.972880
5.475639
4.467358
-2.249880
-9.137615
-1.307508
5.977197
5.718043
7.292466
-5.168503
5.892512
-3.412265
4.633582
3.276717
-1.214556
4.572938
-6.817760
-1.982396
0.634396
0.894583
-2.651993
-6.580943
0.139229
7.026907
1.758199
1.855700
7.296644
-1.585831
1.104156
0.415640
5.485556
6.388997
10.505912
-10.733511
-3.463790
-2.352282
7.882332
9.737859
3.077551
0.134516
0.799826
-1.331002
-6.294141
0.320021
2.706762
0.260420
0.469054
-1.015787
-0.557550
-0.871096
5.845806
-2.636223
-4.374272
4.250354
4.693708
-0.225005
4.503367
-2.841776
-6.576803
6.933262
2.039653
-0.989513
5.933934
-3.237580
-5.974542
2.533030
-5.393423
1.290513
-7.792004
5.006074
-0.268604
4.097452
-0.736837
5.434138
8.019732
-3.363456
2.434824
3.395417
-0.473726
10.941369
-1.980653
6.635768
5.021968
-7.689750
5.000402
0.871439
6.133456
5.581878
3.761595
1.595964
-3.340730
5.486528
-2.662286
7.839078
0.604981
4.893258
-2.266909
0.122546
2.017470
3.080097
-11.218675
-11.583539
5.807443
-0.552882
1.506118
-1.270747
7.151475
6.809019
1.293552
-1.953728
3.362877
4.882730
3.526036
5.389770
1.530310
-5.259418
4.638175
0.989866
0.953103
6.657304
-8.246550
5.283093
1.753598
5.851573
0.962630
3.428592
-4.679033
-3.510227
0.869736
1.045419
7.420834
7.912275
-7.007157
8.171874
6.777752
8.241693
7.566130
2.353769
7.671061
2.454326
1.546760
-0.828322
-0.366960
9.997507
-2.303937
-0.175049
3.551385
3.026686
-3.656375
-3.974328
5.539510
4.546701
2.689737
-0.523058
5.758166
1.848555
-1.062290
10.857361
-4.241150
3.281611
-1.205724
4.551339
2.635008
5.426228
-4.330168
4.178655
1.678082
-0.215196
4.769619
-1.060934
5.219941
8.135953
-0.594118
11.025097
4.143116
4.762200
-4.804736
-0.212106
-7.593440
5.297814
3.030927
11.614052
-12.689449
3.411402
4.722660
-0.327835
3.801702
-5.667543
-2.670739
5.223034
3.461111
4.874762
-1.908464
6.305880
4.951094
4.139924
6.351854
-3.388762
2.751355
1.910944
-0.537910
-3.467868
-0.212324
-4.389315
1.478953
4.514125
-0.598527
-2.791147
2.716666
5.246289
4.718290
-2.537629
2.310303
3.440322
-2.854090
-2.914699
-7.071930
-1.368077
2.630158
0.000282
-3.323614
2.360304
-4.680119
7.056238
3.799026
2.517007
-5.853273
2.872274
2.799292
0.945787
-6.216606
-2.089422
5.956255
-6.728470
3.573486
4.497523
5.453076
-5.518930
-1.279866
-6.093660
4.589757
8.664470
-5.689670
8.155824
-2.377216
-9.669397
-6.764699
5.225044
0.872768
2.763259
-6.060230
3.803818
-7.809929
5.190556
-2.078360
1.038665
7.730616
7.618345
-8.988582
-0.026609
3.815717
3.684557
-1.689266
2.833688
0.689596
6.061624
1.056497
4.273258
-4.850354
-0.243923
-4.602406
4.011009
0.950361
4.167690
3.391448
3.580372
4.722509
-1.386189
12.312061
8.746905
4.012259
-7.248319
-1.309968
6.617742
-9.539217
-4.808779
-3.168486
-3.260613
9.613352
2.987956
-7.698080
-2.980981
0.448495
7.312045
3.871732
-3.840670
2.366864
5.152705
-1.943033
2.923009
-0.025921
-5.360519
-3.295440
-0.043306
5.956238
-10.928187
-0.202586
6.153406
-2.540981
-3.658912
1.770654
0.786071
1.969849
4.443615
1.753005
-6.400692
1.220189
0.701544
0.929027
6.218492
-4.438778
-9.289899
4.393927
1.682813
-4.987281
1.317680
-7.081352
6.524985
8.808998
5.955803
5.137164
3.402862
-0.231697
-3.919599
1.989424
0.615952
3.980176
7.410153
3.860958
8.044795
0.110387
-0.245634
-5.991317
4.879472
0.403766
-5.300977
-6.337979
5.577595
4.475459
-1.389121
-8.411675
5.152506
8.238871
-6.578157
3.039357
1.006071
-5.426546
2.853242
2.509043
3.874697
5.159433
-6.984725
-5.899851
-0.065849
-4.967701
-1.018046
-3.753266
4.497138
1.674488
7.572001
8.618677
2.782767
3.327608
0.050139
5.146752
4.424290
-1.087837
1.396121
6.505857
5.940845
8.819041
1.503574
-7.302006
6.576459
6.880201
-3.780599
1.859021
-3.258196
-5.058782
6.312481
-3.232276
0.394545
1.400421
5.939902
12.074868
1.123524
5.638048
-15.606605
6.686340
4.805058
0.272977
4.185121
1.202680
2.139281
-12.790785
4.733282
-0.782962
0.673534
0.720734
-3.851962
5.023531
4.235866
-10.528903
2.374215
-0.002598
3.353602
3.572099
8.930212
-4.326865
-0.393730
-7.708661
8.589552
5.947291
3.641468
4.839118
4.513081
4.334033
-2.043406
0.982540
-6.905620
0.267103
-5.033930
-0.134056
-8.997624
-6.635681
2.537748
-2.944809
-5.258006
3.958090
0.850347
0.161655
3.360404
-2.777835
-4.599746
-3.931020
0.308648
-0.140297
3.146580
0.128728
-5.063623
2.699957
-2.158438
7.368965
8.977497
3.882275
6.002190
1.984231
6.548127
0.278878
-4.705423
3.146780
4.814822
13.887252
10.161296
3.577608
6.796352
5.001496
-3.911972
1.466288
-12.584155
0.090012
7.127418
0.587026
7.214727
-6.289418
-0.536539
3.550174
2.620062
-1.080143
-9.006815
-0.921877
-3.302807
2.061298
2.253414
5.467340
4.354114
0.975254
-1.657473
10.522020
9.666034
1.381828
6.809523
4.409182
-0.613415
-7.331292
0.182582
8.844012
3.442739
4.495829
-1.320165
1.886590
-1.002067
-3.354364
-6.599359
0.480471
-6.261308
-9.146889
2.177464
-0.626128
-5.924813
5.916836
1.941536
-1.866102
-0.844600
3.346106
-2.393815
0.334263
4.176179
-6.006637
1.776722
-4.129998
4.089843
-1.021946
-5.226684
-3.601435
-4.207260
5.268424
1.851077
2.155465
-1.261301
9.778052
4.921967
-3.939430
4.705708
-5.427937
4.906334
-0.209706
5.480758
7.686959
4.372547
0.416995
-2.696556
2.581808
-3.548830
5.304128
1.968600
10.855094
10.272477
7.002444
-8.011325
4.525293
-5.282152
-0.003667
6.466007
-3.532004
1.301870
-5.669199
-2.684158
-0.017115
10.656673
0.964279
2.611077
-4.988624
-1.673431
6.538931
3.653025
-4.934257
-11.960285
3.482404
5.270976
-6.228865
0.775069
4.815957
-2.081485
0.214772
0.916944
0.553534
0.093797
8.573740
0.690879
2.220171
2.309438
7.176301
-7.004257
-3.478030
-0.373851
-6.774057
2.174265
4.780561
-11.124520
-4.928714
5.271874
7.142658
4.668463
1.834156
-2.931954
-1.270892
4.299189
6.423278
2.220154
-2.843292
-0.385773
3.657245
2.732363
-1.356291
-0.334004
-1.988464
-0.740863
1.846451
6.678792
-0.727026
-2.869300
6.647443
-0.034295
-6.933683
-1.445166
-0.884236
-2.980522
0.280912
-5.993028
-5.607703
-4.501445
6.891243
8.920947
4.416406
0.268456
-1.236994
-3.324160
-1.122684
3.699419
1.180774
-6.003645
-4.335405
5.075792
8.498136
-5.420319
-5.032654
6.311894
6.187163
-1.858717
-4.172263
-10.470266
-6.862027
-2.670301
2.347998
5.494060
6.307781
-4.507072
1.320039
3.888205
-7.633773
6.296618
-6.814776
-3.821615
-5.347164
9.914029
0.315396
10.027869
-6.296753
5.843413
-2.139195
-0.015169
2.281085
-5.445668
0.179985
-5.578463
8.882568
2.968214
-2.257461
-10.455036
3.618320
2.834189
-9.739714
0.583987
-0.694183
-4.719666
4.899863
-4.078401
-0.651424
2.524291
-1.634466
3.776393
2.505409
5.510934
5.253372
6.932664
3.992212
9.573909
-5.410650
4.387252
-4.214720
0.538802
3.871406
10.180352
1.902228
-5.537577
7.420934
0.439807
1.258955
8.777162
1.720516
0.280210
3.129106
1.561602
2.236136
0.042727
-2.775025
6.433733
6.099569
-2.569807
-9.887018
1.051644
1.310807
-6.513846
10.413451
3.867699
2.903780
0.101512
-3.619902
6.358796
1.476966
4.467963
-1.062191
-7.455786
1.862960
-2.954329
4.614958
0.952411
-0.683532
2.390472
3.636151
2.225243
5.012115
2.289447
-1.466749
-2.871040
0.516127
2.333403
-8.587070
1.047300
-0.655074
0.276370
-5.549665
-8.192576
-2.942186
0.516177
-0.487723
3.230942
2.851500
5.631201
-5.060356
4.746854
-9.215139
-6.248060
-0.803553
0.575243
-6.208486
3.315564
7.778108
5.975450
-0.152156
6.254713
-5.106591
0.876663
4.129910
1.239914
0.423007
5.933071
8.587563
-4.493710
2.147098
-0.656749
2.413779
1.255202
-4.564279
9.642291
-2.114226
-0.186345
1.415311
3.252211
1.197443
-1.269049
1.058565
-3.670708
-5.285687
4.381628
-4.174647
-8.330557
1.817072
-2.707425
8.758061
3.736224
3.610646
2.765822
-1.365122
-1.769530
4.431743
4.926703
-1.531072
5.451048
6.657703
-4.404845
3.646430
-1.204386
-1.334771
5.300674
-2.256465
-7.050318
9.418482
3.124462
2.867855
0.073454
-6.418044
-6.508368
5.308369
-0.219603
-3.720993
-1.820816
-2.970553
2.278011
4.620826
-6.926526
4.079387
-0.718273
3.134820
-2.227507
5.307148
1.696468
-2.774354
6.686252
-1.527699
1.488228
-2.406197
6.987780
2.819074
-0.634173
-4.010899
6.366753
-7.593056
-5.960337
-0.224862
0.734223
2.187506
-3.334391
4.602336
2.550978
3.913834
-3.956068
7.004909
1.255882
1.655880
-5.007177
1.301375
7.222576
-6.783155
1.594659
7.670296
-8.944563
4.665776
7.508852
1.925531
-2.539805
-6.002900
3.989304
9.167321
-7.991535
4.577632
-11.110173
6.057101
-6.027669
-0.306699
2.806002
-1.882654
-8.247774
2.575830
-2.374038
-4.115346
-5.916067
5.688165
0.532559
7.003560
0.763747
1.342256
-2.403562
-0.305984
-1.208570
6.528637
5.224070
5.280278
-0.096027
-7.391802
-3.563809
1.494719
6.485684
4.118740
-4.347682
6.272208
1.485545
8.336357
8.784906
1.530737
3.623302
2.695330
1.056840
1.978377
-0.939742
2.735753
5.406040
0.101991
3.340209
-12.923462
4.223225
-5.148434
2.926449
-0.899743
-5.411289
-3.212523
0.784653
-12.205138
-3.010688
4.023432
-4.791347
4.579251
-1.064303
0.809167
6.273174
4.077396
-3.876444
-0.841535
4.864396
3.313747
4.854515
0.969182
4.169250
-0.574684
8.486859
1.433730
-4.834182
-4.617992
-0.789826
4.543976
1.830860
-1.856452
2.322140
3.409287
3.119390
2.033616
0.364774
-0.510093
-6.048516
-7.372361
-5.777677
2.828256
2.500943
5.006853
9.038883
-0.729769
0.750210
1.671623
-3.736820
-10.541179
1.902584
-0.095373
3.182493
4.876048
-1.177149
-0.570451
2.455879
-6.837074
-2.040960
2.233300
-3.229466
1.203967
-0.479467
2.354937
2.767063
-5.495731
3.790215
-5.963592
-4.867841
-1.199428
1.472040
2.924298
-2.595305
-11.235329
-7.650413
-1.045445
5.486623
8.542124
6.417423
-5.965760
-11.219207
1.671574
0.241436
-0.023393
-0.656262
-4.921545
0.185343
1.790181
6.261879
-4.339621
-6.416574
7.857078
-4.952645
-5.620457
-7.371297
-7.677412
1.809983
-5.202161
2.307165
-5.023424
-2.273752
8.908313
-4.480915
5.748598
-2.095555
-0.206098
-3.618500
0.199928
-3.767947
-2.683161
0.307307
-9.054495
4.611155
0.884086
5.058195
-2.028038
-11.187030
-1.896975
-7.505218
6.098344
-0.031827
4.048405
-1.567723
-4.884343
1.014177
-1.165920
-7.052886
-5.552158
0.650325
-5.174787
7.656859
6.287347
-10.219952
-7.680790
-3.399694
-7.331596
4.691470
0.093189
-3.606385
-2.936164
-2.873757
1.291921
7.410979
-1.217861
5.332206
-0.293716
-7.059454
1.453943
3.662651
5.050847
4.091430
4.263440
-1.864107
-5.980875
7.084217
2.921898
6.158421
6.877981
-7.899359
7.007881
-5.287454
-1.568473
-0.638224
-6.592479
-1.771513
-8.537329
7.872215
0.858305
-5.219908
7.807673
0.603624
-5.771853
-5.981905
-0.026531
-4.466285
-0.478686
-2.737503
-1.053119
-2.192705
0.117000
2.503798
-2.605168
2.726963
-3.521248
6.533734
5.093062
6.121832
-0.712926
3.604461
-2.315797
3.812824
6.644933
-12.937716
-2.141154
-5.547665
-3.460555
7.211747
-5.025519
2.846365
3.390285
6.634394
-3.506417
-5.193775
-3.892052
1.670806
11.112757
3.594994
2.985144
7.501753
-8.680904
-4.141944
-4.180695
4.788356
5.097379
1.516516
-10.799466
2.105329
2.479653
-8.121044
-1.320277
3.093865
2.918623
-5.318367
10.815671
1.795628
-8.039209
7.421844
-7.808144
12.386632
10.719789
0.978923
3.826374
-13.941487
5.359953
6.805337
6.570535
-4.706573
4.369853
-4.424406
10.147938
9.430922
2.919152
2.060772
3.139434
-9.024291
-9.830172
-2.626186
6.246737
6.063557
1.310781
7.503120
0.085492
0.541613
8.046105
-0.102472
3.768594
3.746886
4.011097
-10.044448
-7.951480
-0.386717
-2.741899
-9.857324
3.828004
-5.812064
0.131563
3.057740
-7.126784
-2.095771
4.305381
-3.860207
2.188137
1.834000
-2.680215
4.115080
4.605985
-1.943649
4.607962
5.917809
-2.270920
-0.728018
5.380164
1.137107
4.442660
0.637040
-4.591121
-4.474135
0.409634
-3.115780
-8.819090
4.190027
1.899115
5.997032
7.146541
-4.338832
0.239806
-3.952039
6.211945
10.607810
-9.514423
7.184154
0.390507
-0.154951
5.240742
5.807032
-2.619140
0.292727
2.658292
-4.444120
2.338370
-10.288346
8.554162
-0.880709
-0.167898
3.605686
3.741039
4.971092
5.783661
-0.212214
7.889885
6.815808
6.438518
7.913335
0.240880
5.855584
-8.733253
1.026285
3.868995
-5.438255
4.584525
7.167417
0.334499
2.664743
4.251750
0.641735
4.465417
-0.623250
-2.878053
1.934344
-2.370326
-1.011620
-0.528648
4.287805
8.479264
-1.329058
-10.326581
-2.055227
-8.213658
5.892737
6.905362
2.949964
3.306477
0.423852
5.162495
6.027917
2.813665
-3.244674
6.759148
2.857133
-6.251370
7.082351
-1.760073
3.085722
3.495962
-0.181305
-6.642703
6.099685
8.386289
2.934415
-0.185557
4.350583
3.586041
-3.352550
-4.547719
-6.466960
-10.120480
-4.328174
-7.251124
-4.036567
4.350893
-11.535114
6.825926
-9.997683
1.759531
1.169912
3.701535
-1.235318
-6.064904
4.952840
-9.461003
-6.683400
2.767858
9.279345
-3.330228
-14.123618
6.780948
5.773710
-2.741840
5.064353
9.115000
3.526923
4.576992
4.981251
3.918769
7.140825
0.780464
-0.871084
0.000391
-9.489580
-3.936983
-4.328325
2.710252
8.465627
6.409110
1.433842
4.553629
1.708491
-5.137138
1.579675
1.296597
4.343445
-6.026176
-7.216924
0.297375
2.994200
-13.813020
-4.423094
-1.486013
0.399873
2.332251
-5.748752
-2.820385
1.589425
0.972830
9.271222
-6.540497
-2.596355
-5.018965
-3.215510
1.648090
-2.991784
3.322464
-0.948127
5.650809
1.480560
-11.120557
0.038513
1.642499
2.786162
1.313368
4.024945
-2.607779
-0.584752
1.696111
-4.379830
1.579736
5.599855
-6.632963
6.352977
-0.255004
5.546068
-12.448237
3.179896
4.968403
-1.676026
-11.188391
-6.541976
2.575148
8.035044
-2.453734
0.445497
2.211900
-3.153637
3.486014
-0.543651
-10.150998
1.971449
3.269276
2.006541
3.952763
-1.082792
8.675850
5.306090
-6.274724
4.222894
1.551594
-7.446833
5.226859
-2.267214
6.769297
-0.399281
-0.497527
-6.812397
9.174712
-2.569152
11.631213
5.066509
2.188996
7.794213
11.266663
0.970209
-5.956194
-5.035064
3.424268
-2.031016
0.488774
-2.320834
-5.957749
3.983263
-3.214561
-2.895477
4.079136
3.154235
6.076423
0.310272
-0.318136
6.245867
1.762929
7.252165
-3.825227
-6.890324
8.828876
-8.378886
-13.368574
0.558125
1.741907
4.910837
1.673184
6.364748
1.536460
4.869627
2.285998
-0.579472
-2.655101
0.074500
5.857398
3.059935
-0.933488
5.802474
6.357486
-8.375854
4.163000
2.586987
-5.354072
-6.431468
3.507872
-0.516370
-3.217127
0.131409
5.830181
6.602314
-12.139702
-4.952767
7.157055
3.078105
3.612076
9.258529
-2.496216
6.232094
-5.353001
-8.650525
6.326224
-4.379384
-10.287139
5.095144
-7.669988
5.052609
2.306657
2.930425
-1.599178
9.724972
-7.263969
-1.459382
2.648460
4.009022
2.154722
-11.226276
1.354212
-4.324238
2.368281
-0.407463
-4.289858
-8.678699
-7.064576
-11.048718
4.554885
2.711043
1.073867
4.543714
6.953284
-3.384454
1.604696
1.103639
5.850522
-0.827239
7.090860
4.703628
8.994321
-1.001144
-5.633112
0.771582
-7.021553
0.751240
-3.537394
-0.169111
11.548948
1.622102
-5.664814
-3.181881
3.714761
-6.250528
-2.796730
-2.312477
3.153693
-1.102168
0.154812
0.417283
-2.271674
4.370955
1.134059
2.142167
1.063672
7.096419
2.264831
2.234405
4.597568
-4.216177
0.658643
-0.005525
6.700787
-6.878012
-8.736392
-6.350529
3.223215
-5.050772
9.507534
4.662255
-2.531630
-1.140934
3.213302
1.782581
-4.153640
0.328091
0.745575
-6.184433
5.620569
-6.581665
-2.937727
2.033568
-3.732281
4.440569
-0.737180
2.167426
1.435813
4.027036
-0.532125
-9.874288
1.647450
3.210843
0.021534
-8.941112
-4.647579
-1.545856
3.943267
-2.229655
-6.853815
2.212096
2.053200
-7.976021
7.379448
-7.587310
8.201776
6.822623
5.578997
4.871294
2.993462
-6.260873
4.986672
-0.139639
-0.331167
0.281244
5.626190
1.357895
6.073811
-2.980885
-4.328156
0.550122
-3.145681
5.568599
-0.748357
-3.156445
7.140109
2.862837
13.337057
-5.602661
-4.351355
-3.075264
4.154025
8.222629
5.090492
-3.497817
-1.251090
1.757060
6.026753
-1.560604
-7.087162
2.075562
1.834718
4.968068
4.915523
-0.407022
-0.730665
-5.014886
0.230163
6.485138
-1.678580
3.217993
0.994701
-3.834402
6.570622
6.517471
4.906870
-9.108234
-4.022521
1.161324
8.382341
-4.356290
-9.061572
5.280323
-3.515929
0.716321
4.091396
5.291741
1.488747
4.457782
-7.028399
-7.577611
3.834904
2.005072
-7.158241
0.410286
-5.221955
-0.963117
0.996294
-0.296823
1.111435
3.645937
9.248903
5.767230
5.347521
4.741013
-14.385311
0.317481
5.390634
-4.051668
-2.069936
-0.390612
2.657164
-0.952903
-4.916664
0.707146
0.455700
3.747608
3.879836
4.263116
-2.490778
10.983876
7.013139
6.438216
5.038961
-3.594756
8.086120
-3.118228
-1.723140
6.127735
-4.113443
1.323505
-4.736267
4.169812
4.027382
-4.173820
5.932446
-6.258667
6.718050
0.819343
-2.925478
6.249603
-2.603850
-1.023508
7.584489
6.311968
-4.076097
-3.121467
3.089985
-6.103014
4.604488
4.316941
-0.366159
-2.954436
6.900576
-8.475555
2.491537
-0.208673
-1.591236
4.318117
3.414612
-8.512456
-4.517888
-8.497535
4.833198
-4.757282
7.295348
-2.855744
8.257338
5.789411
4.152588
-4.289924
-8.449290
3.218621
-0.299772
-2.959914
2.419726
-4.983717
5.238776
-0.773878
1.774962
4.926529
4.951653
-2.048357
1.629329
4.925669
-3.589675
-0.023507
-6.179283
5.912230
-1.032487
-2.824287
-5.213553
5.825714
6.066661
-1.874695
-3.446067
4.887299
-3.791012
0.522710
5.026725
-6.192510
3.795336
4.160126
-6.742596
8.170170
-7.008928
-10.245012
-0.083707
-10.701044
-3.303834
-5.478259
-3.152254
-2.054013
-1.210127
-2.195051
14.404849
7.302909
7.519011
1.282133
-4.547717
3.288932
3.315032
3.886703
4.263391
1.225500
-0.912226
-10.839727
-0.745158
7.706999
8.304818
7.221656
1.965536
9.107944
-1.607665
1.642063
-8.572955
9.678253
-4.420456
5.379051
-2.199454
8.509757
-1.408342
-0.540474
3.684615
-7.278953
6.938210
6.892764
-9.821502
-9.559105
-1.494421
9.264527
4.952339
-3.066635
7.936855
-4.357175
-3.094175
-4.457116
-2.813281
7.142283
-1.500299
-7.566986
-11.391061
1.775223
-2.664406
-0.321523
-3.917315
11.225740
2.444919
1.449895
0.164337
1.078863
4.843682
7.028121
6.591172
3.402185
-3.283591
-8.179788
1.856486
3.978558
-1.228283
2.466467
2.666280
-8.310944
-2.561787
-4.960866
-2.167488
1.583423
-1.259834
1.557081
-4.252532
-0.001786
-5.297554
3.193498
5.700744
8.108189
-6.572556
1.178486
8.246741
2.805988
0.631726
1.217774
2.200703
5.415818
11.407726
1.762393
-4.939248
-7.696922
-3.311430
-3.771765
5.143384
4.756781
10.299337
5.083690
3.449446
-4.138172
2.215310
3.043155
6.443008
-2.279692
-6.728324
-3.311366
-0.836411
9.872561
6.554670
7.807117
2.159040
4.815744
-7.035928
3.152964
-7.258691
3.601458
5.782806
6.018864
4.331689
11.150263
6.406638
2.062320
6.057865
-0.697839
-0.034489
6.123788
3.772698
3.500987
3.428495
2.231714
7.332056
1.131744
3.559276
4.202584
7.030189
2.423188
13.987946
5.035785
-8.386472
6.276056
-5.794978
-4.405192
-2.465237
1.240904
-2.875227
5.374807
1.222809
5.772202
-2.510999
6.861864
3.599578
-5.771227
0.029400
-2.787277
-2.952354
-3.543103
4.019293
4.900126
7.365188
0.592545
-0.054874
1.964697
12.073660
-10.625153
-8.993221
-4.107593
4.974655
6.122045
4.786061
-6.911708
10.901317
-0.162853
-5.828436
0.702463
4.549275
11.003710
2.839443
1.963298
-2.873497
3.794147
0.245674
7.598908
5.093160
-7.698198
8.492527
0.704073
-3.815069
0.530720
-1.665899
5.448001
-5.869179
-2.170057
-6.142740
-6.153568
-1.648521
2.173383
5.605413
1.236166
-3.025853
2.546515
6.951413
-6.706891
4.251183
3.951974
5.166439
-2.312953
11.599690
-3.166864
8.465108
-5.813006
-6.151247
9.526725
-5.907109
6.198008
-2.658366
11.269766
3.657559
6.867756
0.101241
8.006622
0.869863
5.325745
-0.813300
4.230988
-8.048839
2.620262
-2.273395
7.019894
4.894546
-6.752740
-0.415102
-5.114044
11.259663
-2.005744
3.629247
1.345264
0.877566
-0.627590
-9.498224
1.060497
2.232694
-8.207375
3.482582
-4.402762
-3.041750
-1.772312
-7.687874
0.236347
-3.550376
-3.030251
4.582649
-1.508860
-6.370470
8.470562
-0.504211
8.830836
-1.467289
-1.807703
-6.172657
6.709951
-3.752187
-2.288625
2.588216
3.660198
6.775617
2.887822
2.106700
10.585783
1.752584
-5.507771
10.080567
4.911359
5.470499
4.494572
2.313945
0.451352
10.342969
-1.320195
-2.925926
0.367947
7.288199
-0.224545
-3.018944
3.620561
-11.308313
3.573876
-6.587690
-1.266500
-5.638850
0.004969
0.575868
3.532463
5.200575
2.419925
4.388256
-2.784275
2.687697
-0.136221
4.025507
8.907174
-9.374210
1.201842
-7.288563
-1.383670
-3.163682
-9.937523
-2.218422
-8.575628
-6.147724
2.725802
-1.665805
-2.489840
-1.903031
5.010864
6.929404
-3.815851
5.111615
4.916380
-3.113029
15.905987
4.531946
-2.832920
1.898702
-3.900453
6.260338
-2.086262
-9.918113
1.736428
7.191674
-4.020455
8.866339
-4.294771
-4.714069
6.109801
1.134556
2.273553
2.368401
3.007179
2.460248
2.590755
10.174811
-7.748804
5.722978
2.650000
4.955475
-2.997841
-4.152199
-2.994015
0.225776
5.755251
-4.974280
-2.629696
0.833263
5.835063
-2.307184
1.772088
-2.209837
1.080726
-1.741391
7.403954
-0.068434
-1.500142
-5.870739
3.944555
-2.399913
6.703559
-2.431716
2.005482
-6.039793
1.991079
-0.352554
-9.625156
5.633076
-1.201914
4.826853
10.583981
0.371067
8.010738
1.743125
4.093940
-6.442790
-2.236994
6.284512
5.883070
-10.755609
-5.781209
8.890052
-0.583783
0.075499
2.163406
-2.721730
-3.052075
-6.350219
5.508275
-2.148634
6.185362
9.264374
-5.161661
-0.476820
1.020072
8.364848
1.305499
-5.742041
5.463749
-5.583422
-4.355186
-2.090202
4.914029
3.239705
7.145923
7.079220
4.110668
-1.414261
4.236586
6.989086
2.375150
1.427635
-3.610636
-3.758204
7.349905
10.594533
6.635546
5.860440
7.490171
-7.276181
-9.473070
-2.009478
5.089337
-7.713150
-3.368020
5.156797
-1.583927
-0.485598
6.422640
-2.353098
-1.813816
7.225430
2.991437
2.239964
-4.890229
3.184034
6.172457
1.028690
-3.155968
-5.215772
-3.263168
-6.708276
0.610289
-7.583123
-1.628507
11.573907
-7.382840
-4.057659
2.873894
0.035604
-0.410660
-4.616600
-1.797334
4.949525
4.694660
-7.204147
-6.755241
-0.564830
-6.140244
2.092101
1.404384
-4.166607
-5.329902
-0.072509
1.022022
-0.498103
-6.033704
-9.081225
1.399421
-4.030511
-4.356038
1.300368
-6.217899
-9.579776
1.730736
-3.167568
4.690467
6.259897
-4.338107
10.194225
7.728748
3.570271
4.039876
2.207407
2.147325
-4.455400
-0.458843
5.287295
-2.133987
2.723148
-2.392400
0.051960
-3.856171
-11.161008
3.846337
-1.765482
6.938507
7.966808
-1.097237
7.236020
-4.914020
-3.042885
-1.857125
2.877222
0.421576
5.113563
-6.182057
-8.710648
-1.124322
-3.816819
-8.640277
-6.040129
5.957870
0.700775
5.381695
-0.338978
0.038403
1.683533
9.247155
-6.918130
-5.719506
4.839023
0.811312
-1.532577
8.442077
7.884239
3.277162
-8.206529
0.702796
-9.265101
1.525434
1.318646
1.538952
2.312898
4.761752
-7.686144
-4.769523
-1.236215
-0.139719
-2.632819
1.168186
-2.403681
5.590262
5.562112
1.194241
2.801178
3.778434
-1.101230
-3.253066
5.066374
5.435182
3.828525
6.675615
-3.921297
-8.015514
8.564319
-5.863507
7.869038
1.452198
7.028452
-2.375393
1.653552
1.149774
-2.431166
1.504768
-6.159065
4.486010
2.403845
-1.498979
9.095207
3.735551
5.788173
3.768307
4.513803
1.862716
5.596851
0.766398
5.316964
4.815510
-2.530230
4.536573
4.593758
-5.174398
0.908801
3.378391
5.721892
-1.201639
2.486430
0.287315
1.413253
-8.394613
6.448036
4.844954
4.117356
2.646508
6.096203
8.745732
-1.051150
-7.554027
6.385478
2.087696
2.512318
-1.845996
-1.985084
-3.633406
-2.917789
7.641473
6.407880
5.066082
-0.328962
4.549223
10.365980
4.801885
0.982720
-2.567024
-5.902383
-10.689057
5.447580
0.956436
5.294524
-4.423589
6.561242
5.485093
2.047548
1.761234
-0.023590
1.577658
-0.571202
3.072253
-3.496823
2.511782
1.884324
-0.360404
-2.110528
6.111891
8.532496
-1.826865
4.986369
-8.922467
8.152669
5.967329
4.054555
9.759772
5.280499
9.370943
0.395364
-11.818361
-4.328181
-2.082116
3.922441
11.061547
4.597701
-3.873506
-4.059504
-5.939175
-7.481656
0.675375
-7.652784
7.647861
-1.326311
3.224845
1.958039
2.482666
8.880622
-4.213677
5.395271
-4.357397
7.079652
2.712431
5.543663
9.631135
3.863081
-3.083773
7.736256
5.135339
-2.375909
-2.170799
3.029254
3.975543
-3.082570
6.811695
-2.984373
2.030370
6.587923
8.406240
3.249131
2.985439
-6.660266
-1.804278
-4.652840
3.294578
-1.401344
-1.716702
-1.960052
-10.634894
9.054005
-3.487708
-7.703999
2.827905
1.947631
-0.134781
6.785102
-2.477715
7.478632
4.599357
3.376494
-4.584435
-1.645241
7.392203
2.915177
4.363621
-6.811788
-3.543557
6.208013
6.434097
-2.870339
1.657172
-1.273265
-4.354810
-0.672673
8.654627
-4.830103
2.963116
6.191745
-0.394583
-3.081589
3.737233
-3.160556
5.536542
-4.103130
-2.129701
-4.904586
3.287912
-0.285552
-3.461633
-4.440380
-2.592114
-1.605396
6.107810
-1.914221
-1.365061
-7.707120
-0.525981
-4.822463
-1.584094
-5.229267
6.743574
-4.545221
6.832247
2.570717
0.939227
3.305041
4.523332
-2.358614
6.188295
10.150573
3.389290
3.364167
2.790872
6.928535
4.160603
2.122175
4.459775
-4.952832
3.938176
-0.342331
8.630110
-8.620135
-6.414177
9.585759
6.527627
-0.656218
3.504305
1.472778
9.279553
1.143299
2.353862
-1.170324
1.358774
-2.186992
7.514123
7.034535
7.245266
-2.303999
6.097504
0.085108
-6.686590
7.097235
-3.954860
-4.238218
1.898465
4.511227
12.257079
1.576735
0.647310
4.541658
2.053336
0.424991
5.539098
-3.667522
-1.027999
-11.356107
-4.523045
-7.782255
-3.831064
-4.261456
3.696461
5.211204
-3.073962
0.071802
2.388635
1.250717
-6.117880
-1.237349
1.558779
6.712426
0.747037
-9.253949
1.910507
9.185644
-7.386947
0.638536
-6.822174
-1.870423
10.576577
1.087411
3.306113
5.973514
4.303131
-0.484313
3.512984
4.480190
3.133668
3.431573
2.072364
5.557604
-4.584024
5.587029
-8.484385
-4.653637
5.301728
14.460953
6.526114
-0.038405
-7.507632
5.966364
1.058623
2.520233
-0.821730
-3.454667
2.502743
2.807739
5.935782
-5.644182
3.843771
-13.936776
-9.498605
6.115250
-6.222752
0.375577
1.188073
6.848423
-7.289656
-0.938040
2.927460
5.210216
-9.392535
4.590269
-1.266026
10.394938
0.971255
-4.734486
5.809013
8.533889
1.294463
-1.604388
1.312651
11.638940
-1.145456
-10.078973
-2.641511
1.217233
-11.951811
6.166612
11.755788
7.106926
-6.494911
3.366198
-8.099918
-6.433550
8.266140
-3.017764
-7.654864
3.505083
-3.716234
-0.136386
3.960368
-1.669191
-3.990348
-10.942230
0.451337
-3.879908
2.847671
0.932447
3.200049
-5.672156
-9.826510
10.726302
2.410566
3.576792
1.592894
-2.881987
-8.543495
11.027023
4.238642
3.641530
8.215572
-7.692993
5.175305
-5.227145
1.629274
-2.907998
5.346408
4.852374
-2.105395
-7.438803
-4.219847
1.125146
5.041714
-0.659485
8.684809
1.435623
-5.931418
-0.386957
7.517546
4.985667
-2.369992
3.911733
3.386496
5.186209
1.155381
5.486449
-5.915613
4.597150
-1.147217
10.258565
1.937942
-2.185634
1.042207
6.280640
0.077518
6.813548
-4.647463
7.096758
-0.016304
-5.317319
3.914174
1.859412
-6.303013
3.322557
3.514758
-12.893345
-4.451426
0.665143
7.308113
3.063425
1.581804
-4.685448
1.611563
1.482620
-3.658243
2.686702
-7.805321
-7.650659
1.198694
-0.790024
-2.232571
0.865698
1.250747
-5.124988
-1.658386
-1.933614
3.211231
2.671694
4.112261
-0.237295
2.584283
2.775725
-7.950249
3.014750
-3.735876
7.579455
3.883861
2.218397
1.388652
-0.410794
-0.715026
-2.297918
-3.920896
-2.612645
-3.281253
6.278347
2.868127
3.582680
8.660303
-0.931794
-0.373841
6.798319
-3.565787
1.750184
0.696529
3.168008
-4.183189
2.943382
-4.880933
-2.153125
-1.421084
6.762138
-4.548878
-9.615952
3.637517
3.908074
-2.280650
6.747676
-4.225929
5.932591
3.446615
3.028430
1.832789
0.711783
4.262608
-4.645889
1.708187
-5.559140
-4.710622
0.948825
1.011009
6.117591
6.306530
1.635305
0.245796
2.771887
-3.826679
4.458163
8.254521
0.491230
-6.882382
0.914792
4.120273
5.474730
-6.989512
-5.301408
-5.013742
2.347564
-3.836120
4.850801
3.806445
-0.082786
4.992327
1.780342
6.584393
-6.100678
-7.468057
-0.549097
-8.055246
0.358431
-4.857285
6.655251
0.299896
-4.397455
-2.336172
0.410516
-9.469035
5.334916
-5.445804
0.861343
-1.546346
8.761534
-4.601280
-6.852040
4.210945
-0.760678
0.496281
-4.288024
4.349724
-5.924550
-1.953547
-0.154821
-3.656052
-2.280847
-12.272463
9.794684
-1.293705
1.070847
2.374352
3.788845
8.014934
-2.409448
-1.346021
-6.426660
6.102230
0.964063
4.075681
2.135644
-3.229471
-6.572155
-0.674800
-5.837466
6.328269
4.534875
-3.178978
-3.623364
1.820335
0.150144
8.529531
4.648281
3.326762
3.530933
4.498788
-0.740330
-9.445037
1.650398
-2.163872
3.413882
6.594719
1.183456
-3.241015
0.438033
-0.933037
0.146263
3.197957
-0.369202
7.818267
3.624011
7.573687
-8.465922
-5.955330
4.287893
-1.738973
-6.030654
6.187735
-0.678101
-9.572448
11.200677
-6.161890
3.729543
3.202456
5.432789
0.392318
1.051626
-6.910603
3.593800
-2.246582
-3.454149
-10.529901
2.301328
6.062546
1.342915
-9.502368
4.233166
1.474335
5.197738
6.074421
1.372588
5.503546
-8.368484
4.989529
0.062496
-10.461547
3.807599
4.992864
1.293582
5.294368
-4.235151
7.352297
6.756907
0.117495
-1.182525
9.013410
2.951310
-1.156092
2.946889
3.211831
-1.080619
-5.927863
0.870808
-4.885114
2.666683
10.088789
-3.245379
6.282845
1.448938
-5.580699
-2.514313
0.583453
5.799966
0.820327
0.062436
3.809046
1.214510
5.579180
8.420074
-2.420677
4.723765
-5.854851
-5.979902
9.201765
-0.509029
-0.143182
-8.159582
-9.066397
-2.659401
-5.189746
-9.565960
7.224966
3.614605
-4.089764
-1.915420
-5.364984
-6.966357
-7.682288
-2.301376
-2.429896
-5.618391
3.078837
1.406264
0.751149
-7.325564
8.239075
0.923455
0.659467
-0.798141
4.228511
3.493657
-0.119607
-5.118924
8.337947
-4.019378
-0.806569
-7.123993
2.916864
5.032637
0.986229
0.385942
1.434740
-1.449122
15.109834
-2.122677
0.441728
3.872466
-3.774642
-9.747786
-14.205759
-2.906285
-6.915792
6.994688
-1.262141
-7.303841
3.295109
-1.132291
-1.853490
0.704050
-5.359222
9.873126
3.489336
-1.235621
4.109276
-2.815446
-9.398635
5.116880
6.867175
-3.327385
4.871231
9.175533
1.826582
-1.553611
-6.110365
1.697232
-2.237932
0.636151
3.680991
-0.710044
2.354219
-3.202157
-1.666848
4.916158
-2.138656
-0.773138
4.051028
3.681668
2.566028
12.922387
9.917698
-2.438045
-9.663472
0.347090
-1.220157
-0.123176
1.546678
1.421924
5.585951
0.766193
4.174615
2.934943
-0.501091
-2.610799
-3.986988
-4.720558
-10.440030
-0.636978
-6.801857
3.959407
7.326778
1.154073
0.025574
5.375680
-5.896146
5.291143
5.475382
2.936899
0.624088
6.466479
-4.852988
2.131428
3.845405
2.368768
0.201083
-3.795627
6.819274
5.716623
6.086683
-9.034566
-1.246392
-11.786556
2.225883
3.261016
-6.708556
1.443420
-3.309416
5.839742
7.126822
0.232277
-3.486390
8.502082
5.500848
-4.806933
4.288117
-7.431903
5.195221
-3.101110
-0.005478
-2.731374
1.915085
3.021868
-2.910711
3.393382
5.018493
-4.869133
3.230007
2.420614
-3.075228
-3.063838
3.903922
2.558604
-2.148510
-2.134664
-1.777596
-3.452923
5.282439
7.354804
7.988421
-0.586486
-2.331202
-1.144308
5.169104
1.134094
-2.260952
9.209296
1.706860
4.490280
-2.814509
-9.567516
-0.069389
-5.988884
-2.369504
2.434625
1.387845
-4.179337
3.881202
5.647677
0.803389
3.809969
-4.490452
0.905070
-4.681863
3.902190
-0.299437
7.556380
1.056339
0.873542
-2.945203
-6.727165
7.070927
2.631906
4.186462
-3.350123
3.180628
1.440191
1.689158
0.783965
7.055588
3.688330
5.250906
6.011551
-3.287892
3.118999
7.672273
5.722747
-9.178306
1.570393
0.337026
5.267070
5.122417
-1.822284
8.535478
0.283240
1.836631
-2.594651
-4.319264
0.490858
-8.774771
4.686547
-2.294106
3.187433
-6.034534
-0.323411
-1.891608
0.881029
-8.551857
-0.332292
-0.143333
-4.363659
-8.389108
1.830657
2.936446
-3.007014
4.788675
-1.899423
1.434114
3.531807
4.998332
3.638004
4.661258
4.081230
-5.264274
6.308089
-0.834146
0.007619
6.381611
2.610665
6.666594
-0.670587
3.897832
-1.940215
5.068194
4.678095
-6.813843
6.864208
-2.471079
3.383858
-9.039133
1.431202
-2.585023
6.765928
-6.834758
-5.280337
-0.691149
6.405919
0.712214
-1.417710
5.936882
4.856078
-0.609258
-4.159330
4.411470
5.845233
2.450849
-7.993069
7.020222
4.665933
-6.344263
1.570747
-0.834472
6.150251
-4.320759
4.930689
-2.167167
8.169079
3.003122
-7.031174
-8.224466
8.600982
-5.557494
6.429309
0.510168
5.834110
-1.531313
-11.499129
-6.459115
2.052010
3.539594
-0.250461
0.494593
1.846728
3.280592
-1.578810
2.672969
-14.606471
9.888618
1.636921
4.094940
0.254475
-9.532503
-3.338077
-9.138853
0.468775
4.626337
-5.717087
5.889764
3.557522
-7.134833
-0.476431
3.114738
2.476336
6.951222
6.242445
5.499205
4.506287
4.888130
-0.979346
-7.965494
-4.623969
8.293040
7.245783
-1.899057
3.114745
0.157539
1.870575
2.983903
-2.663185
2.073569
-1.374172
1.817424
5.637890
-9.802223
-3.367306
2.532782
-3.861967
3.123624
2.386161
9.926916
4.231966
5.873661
-9.077476
1.746536
5.818141
3.101049
0.291594
3.134257
0.063682
1.997228
3.942933
-9.255668
6.325154
3.475187
-2.290222
-4.807972
-0.662677
4.065135
4.061742
-6.536418
-4.734489
-0.041233
-1.660293
3.908422
-4.484285
-6.330672
-4.173138
0.588949
4.123967
-0.600514
2.872944
-0.930464
6.062257
-3.007698
5.009985
-11.333339
6.294848
4.367745
1.326971
1.392014
6.587876
8.120067
-2.168603
2.822181
3.639446
2.961477
1.187142
4.192077
4.921247
-2.584829
5.156008
-1.996723
4.220930
0.264433
-5.327245
-3.239703
2.985394
-3.920804
-4.922347
0.163824
-5.460565
7.784774
7.310441
1.873837
3.564727
1.378930
2.325573
5.723103
0.991648
-4.337924
4.150217
7.459631
1.308943
-5.863804
2.957436
-5.077354
5.255372
0.360201
-2.254778
4.054031
2.743703
0.336673
2.690694
-1.173899
-6.250275
0.537380
3.297736
-3.956654
4.755396
-6.859030
7.291717
5.602472
4.922479
-4.134834
-4.973615
2.141035
4.423085
-3.474647
-6.925729
-3.755471
2.091641
-1.326304
-1.816118
-1.759071
-1.797529
6.934080
5.403056
2.186467
4.688708
-0.955400
-4.478495
-9.699936
-0.654998
6.152560
-2.042837
7.543986
4.403840
2.243614
-1.000994
-1.219779
6.862402
4.498184
3.921319
-9.505985
4.835836
3.761739
5.165406
-0.803617
-0.622020
2.925973
-2.479177
7.810489
7.633752
2.846887
9.060146
-3.295737
-3.925449
-4.648673
-0.088500
7.502220
-1.875069
5.577956
6.916879
4.020668
-13.100305
4.696972
10.203563
5.134350
3.743904
12.433276
0.518220
2.083076
6.710764
3.820621
-0.913100
6.361736
-5.483883
6.012621
1.846648
-4.525058
-4.968323
-3.004289
-2.114951
2.307231
4.767513
-2.990128
-0.925020
-8.888395
-4.805202
-8.311058
-5.284539
-1.272266
-10.400658
6.954719
-1.355698
0.277753
5.808907
-7.486365
-5.964074
3.471179
0.405175
-4.680762
5.292283
-1.882356
8.077586
0.108337
-0.817541
2.038347
0.035359
1.921562
-10.728464
-4.875017
3.666901
-1.135922
5.238483
-8.027095
7.207336
-4.288745
4.566723
0.947796
-0.067436
2.842547
7.656001
-4.209962
-4.009479
-3.080698
1.008566
-3.012506
8.222622
-0.005833
8.182342
2.978320
5.746354
-0.132273
2.430811
4.070405
4.682778
3.767418
3.171702
-1.752382
-8.264798
-1.978488
4.554107
-0.649538
3.676742
1.974651
5.921256
-1.045925
-4.921113
-2.513983
6.391218
-4.481299
3.598013
-3.000689
-10.014686
1.228866
-3.767549
3.175567
1.688793
1.932307
-3.791039
-7.927609
2.763259
-5.280914
7.284624
-0.451045
0.697981
-2.799932
5.162486
0.457897
2.208752
4.280636
0.770688
0.747410
2.859213
-8.696981
-5.244734
3.341559
8.545777
-5.035194
-2.843547
-5.621834
-4.747680
8.047424
-2.354200
4.670171
-0.931167
2.055336
-7.287218
4.875653
-3.208907
0.395964
3.073839
-4.918420
-2.981241
0.203214
-0.380454
-4.957621
-6.147134
-11.285620
-9.965609
6.379454
-2.239720
-1.084691
-3.716921
1.568650
6.587245
7.036151
1.912678
2.116529
3.764121
-9.228192
4.130699
-7.702995
1.573531
-0.444782
6.907772
-3.713874
2.363905
-1.619588
9.056054
4.131544
-6.615145
-9.439523
1.118422
9.155373
-3.909423
2.634050
-2.806226
1.022350
-0.080080
-7.214129
1.968938
1.393901
-7.458340
-0.658931
3.264867
-2.100880
-3.852375
1.237307
0.422482
-6.046437
-0.875172
3.358178
6.950244
-3.423941
2.245458
5.340908
-3.494129
0.692567
-1.662490
-7.792345
-0.470464
-6.432899
-1.809995
2.196796
3.773642
-0.994583
2.816121
5.988752
5.887935
-3.323209
-2.908735
0.184098
-4.675233
1.903461
4.302459
4.329998
-2.902424
3.472226
1.631849
-5.811197
-7.794756
-2.103534
-0.050861
4.949223
-1.724322
-3.573148
0.195926
-0.656275
0.237073
9.331246
-0.186826
1.275567
2.314968
5.657603
8.663519
-7.041009
-9.300703
-5.586145
4.933164
-5.087302
2.999180
-1.814688
3.381048
-1.992505
6.221797
6.643234
1.171226
-0.873773
3.354281
-3.504695
1.578796
6.269428
-9.856667
-3.581768
-2.254836
-3.535475
2.673311
0.088735
6.350443
-10.214301
3.834883
2.972124
2.218273
0.235074
4.912978
-0.477647
3.092783
-4.370673
-8.909067
5.208966
-0.024255
-2.469014
9.247522
-7.822274
-2.271765
7.309442
2.009946
4.327861
-7.987637
6.645906
6.201191
4.181260
0.639181
4.587486
-2.814488
3.924597
5.434305
-5.918920
-1.550333
2.769931
-4.048417
1.928758
1.003996
-5.048600
-6.983609
-7.422565
-4.398400
5.289241
2.550402
0.301554
1.230561
-0.222218
-4.488505
-1.209745
6.896352
6.620611
-1.591697
-9.297840
9.597243
3.986768
10.185600
7.484454
-0.746809
-6.367361
-1.884732
-6.154401
0.689501
8.695306
7.944633
-1.788757
3.907773
-6.960627
-7.114479
4.580302
-3.690561
-4.544699
-10.992983
0.625508
1.818538
4.615411
-3.986937
-3.338181
-3.191432
-7.005314
6.580135
-7.132432
9.001805
4.175066
-1.014102
4.738146
4.690314
3.978382
0.224432
2.827489
-0.363164
-5.210434
4.459805
3.908399
1.033994
4.597693
2.462593
2.105536
-0.876781
1.349786
1.751680
5.880177
2.638209
2.312201
-2.716231
-2.808982
-3.864222
-3.942352
4.265065
-7.593434
-4.326317
2.727506
-13.059695
-3.165116
-4.016763
0.703060
4.278892
1.886919
5.550749
-5.598200
2.954957
3.525996
-1.350770
0.784557
3.815100
3.937305
9.254532
-0.267418
7.672026
-0.853495
1.968434
5.086794
-5.274850
4.422690
2.943232
3.343462
-2.033621
6.616658
1.006094
6.607195
5.945835
2.903560
-1.490357
0.613065
-2.851726
1.269794
3.975963
-5.699703
-8.805342
-7.009470
-0.826730
7.012879
0.882081
3.666084
-3.902500
-0.142777
-4.734377
8.659692
-4.064114
-3.199342
5.804238
-1.919704
-12.567299
-8.997620
6.554833
10.356192
2.736399
-0.443549
1.410571
-6.979812
-5.400479
-6.149455
-5.987681
-7.028066
-5.219051
-1.091719
6.611506
3.193500
11.658041
-3.708190
-4.567464
-0.507763
-7.247727
-6.179540
-2.710052
6.114174
6.255267
3.807354
-0.265478
3.872733
-3.554697
-4.631950
2.031968
6.019952
-2.716435
2.859747
-1.939965
3.381177
-1.400782
5.253399
2.671237
-6.136968
7.077090
0.557524
-1.206242
2.908751
-6.994930
3.035580
-5.756857
3.048060
1.057193
-4.707680
-8.516954
7.707318
5.557090
-1.580036
-5.033792
3.255374
3.546218
13.932676
-8.622872
4.160466
5.571955
8.191855
-4.963786
-4.916463
3.745114
5.413110
2.133642
-5.247489
-4.472757
1.204955
-2.665701
-5.549984
4.491696
4.980498
0.508153
4.777293
-5.653345
-6.659944
6.581079
-7.072374
1.076851
-0.198373
7.185540
6.649518
-5.541355
-7.704768
4.542102
2.398497
1.214126
-1.945864
-8.068256
-7.039164
1.381918
5.012578
-1.927606
-0.562687
7.466050
-1.096494
-12.363324
-0.373066
9.356407
-2.358961
1.998736
0.230738
2.168890
-0.914387
-3.886628
-3.228056
1.866400
-0.346099
-5.204152
-4.062015
3.090001
5.032408
-6.945979
1.766065
-5.240263
3.302151
1.353611
-3.397526
9.978287
0.592347
-1.249381
-3.422701
7.471747
5.979902
-6.227675
0.194938
4.643430
2.915851
3.713732
5.894757
-5.193470
6.136153
-1.503657
-2.481257
6.508890
9.595902
4.692551
6.225847
-2.362009
-3.943972
2.872352
4.486470
0.891636
-3.232038
2.606817
-0.684666
1.456476
6.667215
-4.158270
7.688055
4.612324
-6.386811
4.577190
-2.746717
3.877826
7.386127
3.927144
4.639624
-5.427124
1.702029
3.126894
-5.178608
10.525393
5.735552
-4.553641
-7.552283
3.224891
5.394192
6.152340
0.180296
7.067760
-3.849784
1.037013
-4.455075
-3.841384
0.685014
3.025285
11.262988
-10.183365
0.038475
5.194487
1.139414
2.652873
-4.516062
-8.602715
-6.379524
10.796063
-6.859760
-7.137986
4.588900
-6.512154
-2.959323
-1.080190
2.473303
8.811558
-1.361286
4.207877
-4.748174
-2.523723
-10.709418
-0.176812
7.532363
4.961477
2.250867
2.044466
10.965350
4.047456
-2.837047
2.329537
5.857520
2.141540
-1.963532
3.277771
-0.146384
1.421256
4.701828
8.949289
-1.820059
7.682563
5.810270
-7.020582
2.494693
-3.151900
-3.217710
-5.027936
-13.801267
-0.094690
2.421312
3.296524
5.201839
7.840531
-0.350462
2.632991
-1.594244
5.849255
-5.568531
0.994551
1.652249
-5.243512
-2.890877
-1.151094
1.155860
3.953481
1.098107
7.492468
-1.126522
-9.841893
5.344483
0.463757
-3.280388
4.651028
-6.918307
-6.226678
-6.004467
1.162387
-6.499195
-7.112882
0.561850
2.182701
-6.911732
-3.395544
5.741837
3.917732
7.911123
-3.574262
1.355925
2.762212
-13.908781
6.462424
-3.361147
4.408954
0.246290
2.565335
2.246280
0.839497
3.066848
-3.280475
3.040448
-11.475956
-1.081364
1.019983
-9.509367
6.417588
-2.624957
2.854268
-11.659898
3.076189
3.979274
5.103621
-8.635236
-2.358176
5.523236
7.968791
0.765686
12.713005
6.961532
1.760333
-0.041038
-3.318721
3.876697
-5.546442
4.200298
6.589241
3.680982
5.996993
-3.139219
-6.372257
3.568345
0.006805
-11.772726
-1.060564
4.814511
-9.961446
-1.149925
-2.869767
-2.611950
-3.900911
-8.579370
5.955424
5.466970
4.210050
3.392759
-1.831061
7.622187
0.688596
-2.021841
-4.710226
-11.415028
1.569202
0.044026
-3.501847
9.495261
0.459179
-5.085303
1.182110
3.597879
-1.463450
3.259348
-0.697368
-0.154682
2.224977
4.268216
-4.699020
5.191669
0.459468
-4.412918
8.609823
-3.615805
9.739898
2.773518
2.019911
4.910681
4.443619
3.107322
3.132877
5.705447
2.089782
4.983210
6.649349
3.814489
0.580196
-9.132083
-3.270046
-4.274395
4.893688
-7.981436
-2.878613
5.554173
2.986641
4.031280
1.228728
-1.623882
0.320703
-4.114614
7.542112
5.082909
-0.700117
-1.197162
0.765323
1.497314
3.461101
-4.919949
8.931951
7.571708
8.042643
4.669554
6.851677
3.416749
6.100290
6.307461
0.457726
0.707704
2.252888
-3.658841
3.110229
-5.511237
8.497067
-3.933096
7.986517
4.194285
6.445561
-8.211904
1.733900
-5.604002
1.687316
1.584968
4.370666
-3.433576
9.336434
-1.164830
-3.701449
-1.372932
-6.758692
-3.335184
-3.836631
3.110240
-4.432184
-7.417255
2.735054
1.902809
-7.236112
1.426462
-1.625320
-4.362646
5.954410
12.863580
-10.073533
2.912423
2.752518
-1.235615
12.670895
2.397623
-0.223779
-3.382607
5.847913
2.533807
7.996747
-6.203455
6.044281
4.272153
5.345330
4.763625
-2.391420
7.775116
-3.293559
2.745830
-5.397102
6.158997
6.512840
3.456111
2.514651
-7.456691
1.926229
2.031871
-0.596654
-3.585651
0.136110
-1.979341
-7.093140
-2.842107
4.095761
7.592527
-8.125118
-0.984310
2.429879
5.339981
6.329661
-10.593242
2.694376
-6.006388
3.037042
-5.002870
-0.784856
1.675349
-1.366356
-3.557789
0.789650
6.487275
5.198982
2.895888
0.569409
1.673800
3.576112
12.052546
5.355742
8.858736
8.458988
-1.628420
3.694982
-10.153148
-3.927282
-0.004801
-1.629104
7.864629
7.212592
-0.783329
1.253420
-10.676146
2.926093
5.234348
5.919017
3.420623
5.519791
4.042715
0.786009
8.020457
6.619159
2.675010
-0.362777
4.104047
9.707161
1.620469
4.573146
0.818067
-2.800606
5.365885
-2.300184
-0.976079
3.822464
-7.001765
4.739421
4.565227
-6.939284
5.239880
-1.648283
3.647360
-4.198854
1.702030
-1.353618
0.179407
0.540780
0.542155
-6.204005
1.920609
-14.209971
-2.303738
4.531789
0.192061
4.138597
-6.796839
-6.565158
7.833822
5.800438
5.071012
0.802548
-1.612708
6.073095
-0.212323
1.141116
-0.260661
-2.549968
3.817366
-4.734967
1.178758
7.482426
7.163230
-0.777691
10.933843
1.754077
-0.261409
-5.812009
4.881320
-3.567601
1.074117
-5.071891
6.897055
2.526685
-6.648669
5.796797
-4.032334
-5.633316
-4.368111
-5.312649
-6.619397
2.497474
-6.401709
5.323708
4.477595
0.442830
4.862551
7.722133
-4.335977
5.898492
6.583873
5.169098
5.298490
3.775985
8.330095
6.962545
3.908937
-3.710870
0.703665
-2.789829
2.310864
4.984411
-1.334430
11.955676
3.002884
0.815171
6.102309
10.170506
2.693799
-5.260742
10.922012
5.775136
7.016745
9.010599
-3.657773
-4.503901
2.302782
2.499699
-8.753496
-11.330912
-0.576013
-5.585196
4.902844
2.242911
-9.155598
3.059445
-0.161505
4.790983
-0.028007
-6.465432
-9.015619
7.494820
4.868558
2.224700
3.331030
-3.612788
6.243225
-0.670782
-7.783610
0.689522
-4.649917
-3.032010
-1.947730
4.349781
-6.382043
3.638632
-12.189457
2.152094
0.897840
5.390336
2.990574
4.107866
1.930772
-0.211004
0.581553
2.548624
2.490651
0.194721
-7.469972
8.945325
-3.463085
1.017661
4.461743
-2.713978
12.467053
5.983407
5.071235
-2.692695
-3.261432
2.951089
0.459889
-5.881517
3.738920
-5.840794
-3.766565
-2.472855
10.935476
3.882844
13.491146
2.841125
-2.198327
-14.119321
5.503207
7.633594
-6.706442
-0.816156
4.671918
-4.510084
0.332849
3.154447
-1.110908
-0.468575
5.419913
-0.496611
-1.733927
2.016111
2.480366
-6.377729
-8.762757
-7.590865
0.811050
3.060780
2.962138
-0.467146
8.326919
-2.004606
3.286123
-9.435669
-6.080407
4.852296
1.522950
3.157777
6.098228
1.565555
10.677811
-2.759402
6.957996
1.078914
4.364236
12.892573
4.745361
4.025028
7.866137
-0.841674
0.022164
3.518554
6.080035
5.722655
-3.790778
2.130465
-1.115892
4.453561
0.947535
-5.755012
4.079162
5.317351
-2.350461
-6.735791
1.748246
-6.792789
6.330023
3.465185
-6.702888
5.518552
2.014319
7.800322
-5.658814
3.176655
3.109415
11.831383
1.325963
0.856824
-9.370613
0.521494
4.089082
3.457474
-0.435753
-2.115695
3.728763
-2.153086
4.705821
-3.800091
6.674901
7.437275
-2.115773
9.511817
-9.296593
-7.251896
-2.327990
-8.065345
-2.930548
-1.175900
1.013168
-0.726009
6.799791
9.729244
4.092224
6.955262
-5.421069
-4.114823
-4.526703
6.060467
0.342050
3.428913
5.177399
1.717443
-4.981478
3.761079
1.411178
-7.430420
-0.720248
3.766743
3.569838
9.487480
5.143376
2.678199
4.484120
-6.345044
0.085500
0.439288
4.681866
4.089023
-1.084575
2.894227
-5.218193
4.632730
1.841312
4.058147
1.189285
-6.470027
7.056951
-1.345465
2.576354
-2.792902
4.050533
3.298605
1.029502
8.432585
10.840070
1.663506
-8.086384
-0.567392
5.599167
3.352217
-1.610204
-2.875699
-3.052495
0.046510
0.362035
3.532200
7.594876
5.599273
-11.186148
0.226676
3.759444
11.517133
-6.721720
-3.503001
8.302873
5.791054
8.575686
-0.922830
4.855694
0.019362
0.036433
-4.079179
6.305768
-6.090430
-0.682960
-6.226538
0.386307
7.846854
-2.393303
-1.757177
1.520153
2.051685
-11.344134
-8.440282
-1.376723
-7.157219
1.910870
-3.386340
1.397272
7.262019
2.925929
5.608015
-1.984524
2.639519
-3.525597
-1.024779
-13.339256
-4.478893
-5.074410
10.583510
4.566158
-4.808169
-2.774956
-4.314280
-3.142676
-5.443613
1.484275
0.700065
3.090616
-1.958006
9.940595
5.528178
-0.640044
5.278199
1.117597
5.079919
10.398992
1.100875
-6.053857
2.232448
-8.624817
7.827949
3.277134
3.162416
3.031738
-6.049446
-6.754880
6.410554
-9.855374
2.884963
-6.861886
0.508179
-3.642401
1.410118
-3.923602
6.474509
6.967915
0.854264
2.038802
0.256076
0.138925
-0.663365
-2.228590
-3.488808
-1.461070
3.999836
-1.785008
0.823643
3.421972
-5.393994
-0.169537
-0.378219
-2.876580
4.639189
6.526074
-5.667465
-3.003598
0.700657
-3.753528
-1.313433
1.019866
-7.510856
-2.085346
2.744431
2.033976
8.778638
-6.126944
1.802060
3.994809
-1.740491
3.277706
0.141070
-2.465970
4.871715
8.570014
6.609163
2.173124
5.974722
5.918504
-3.661173
-0.809536
-5.041580
-5.028581
-8.351003
0.813237
-1.688457
8.670126
-3.837684
-6.430733
3.329638
-1.184069
10.567987
-8.258979
1.831849
-1.853659
0.155499
-2.139053
-0.233952
-6.005252
5.981149
4.673335
-0.474484
-3.881834
-7.473773
9.674399
-0.310887
-7.239132
3.572793
3.297349
-1.255316
-8.112782
2.740019
-2.707555
-10.425566
-1.396446
2.270168
6.632273
0.252231
-2.289585
-2.483291
-4.284800
-7.913287
-3.122571
1.247470
-1.178692
8.924252
-2.406791
8.919336
2.349583
0.856121
1.827219
-3.157563
-4.342150
3.456430
5.035308
-0.949485
-1.785966
6.036873
1.206568
5.031483
4.046916
-7.309726
-2.039612
-2.534256
4.656049
3.564089
3.193962
3.060086
0.532534
-2.625854
3.367994
8.142215
0.801997
8.405700
1.765308
-5.604170
-4.934218
1.261123
-8.174490
4.997978
-5.298680
6.276022
-5.581324
5.280606
4.365370
2.331385
1.009769
4.610065
3.347265
-0.518398
3.332721
-0.669313
-0.438370
3.854618
7.166944
7.285637
7.433580
1.468342
-1.336252
3.106777
-10.779662
2.554493
-2.962721
8.260662
3.934654
-3.876489
-4.701765
3.120085
7.900863
2.189981
-1.722509
-5.503801
0.697357
-1.640371
-2.902409
1.301191
-0.159420
8.818928
0.689340
2.346709
-2.910986
3.886221
2.449179
-2.626914
8.565977
1.340864
-2.135218
-2.667967
1.126193
8.117243
-8.674988
-3.936905
5.655570
3.577186
-9.527842
5.308508
2.345707
-0.329565
-3.910042
7.526980
3.751167
1.667750
6.484712
-7.072209
-3.922212
-3.412688
-5.768298
-5.150850
-2.521998
-9.633738
-9.484287
-4.770449
-0.147232
4.557667
-4.936298
2.098347
-1.402882
-4.936333
-1.956717
4.442989
-8.258951
-6.713416
-4.644150
-8.431584
4.250903
-0.098340
-3.069707
2.186261
-4.150818
0.631473
2.618162
10.363203
1.776746
-0.004071
2.441061
6.684785
-10.605175
4.883400
-0.217130
3.117626
1.318718
-0.355604
1.450675
-2.524913
-7.084880
-4.314832
-3.161810
-8.842323
-1.612389
-6.982396
3.344864
2.522985
-4.015311
-3.776819
-1.670714
0.512061
3.565254
3.162823
5.016148
7.898664
5.908467
3.842016
-0.401711
-1.961979
3.316349
-2.509384
2.468451
-2.177655
-3.237225
1.885170
7.120632
13.248172
3.127880
1.293550
6.705847
-5.442555
-12.487087
1.877856
-1.141540
2.743732
3.966954
6.798121
-3.746449
-1.897688
-1.235087
-3.057325
3.691446
1.658345
-1.514185
-5.268734
6.170007
-1.878828
-4.906644
-5.521563
-7.083119
1.817804
4.313126
-5.732066
-5.731504
7.677909
0.444234
7.670262
6.731328
-0.639564
-2.991614
2.817919
-5.071136
-9.142152
-1.187520
4.819601
1.738878
1.769865
0.179179
-4.099055
-9.703583
8.568462
-1.025482
-3.967709
4.875184
-1.283158
-8.119102
11.913591
4.349352
-6.336486
2.287178
-0.876951
-7.815772
1.469618
-2.613026
1.948175
-0.211424
-1.295236
2.513766
-3.431729
4.930742
-1.723730
-0.887904
1.313082
-9.561879
-3.307107
4.147692
-4.837263
-4.737483
3.236676
0.000820
-4.149622
7.629287
1.101396
-2.070060
-0.975215
-3.483004
0.554687
-5.451774
-5.826752
-5.538064
-5.465279
7.809818
-2.466049
3.196048
0.670834
-0.387391
4.641458
0.476882
-2.126286
-1.123570
4.728967
2.880353
4.861715
-0.092693
9.314717
-2.460326
-1.233780
3.268491
-2.590535
3.097144
-4.045818
-6.396870
2.433042
3.654513
1.576644
-4.081189
4.586183
6.935280
-10.925498
-4.065065
5.288207
2.144063
1.468129
0.695057
8.256214
0.654808
6.901544
2.598928
-10.935072
8.091891
-2.679809
-8.528088
10.267298
-4.821367
-2.473541
2.269010
-2.992836
-3.083513
7.086909
4.484637
1.922708
-6.162349
-0.606801
5.713864
9.646993
-2.196750
-7.896808
2.859698
5.394895
11.803847
5.688936
0.089041
0.910787
-2.339736
4.395759
-1.655691
5.727580
1.117014
3.812088
-5.918058
-4.110517
-11.126336
-6.389652
-4.241776
-4.100088
-9.667384
-1.661748
3.800849
-2.595470
6.055234
-2.070986
6.203836
6.560348
2.692340
-8.805133
1.188858
0.316250
-8.003084
0.094523
-0.036092
-10.167509
0.016550
7.830508
5.273742
-1.099809
2.424954
5.476899
4.388055
-7.446904
-4.131136
3.222879
-5.508945
-0.314863
-0.562185
-0.196514
-3.586391
6.675729
5.678499
4.192002
-2.757969
-6.707483
9.728255
2.748342
3.019566
6.887267
3.590036
0.271094
-4.653257
-0.651942
5.349081
-5.618519
5.439069
-2.167166
-3.077889
6.193551
-3.155765
0.781323
-1.532810
3.325323
5.516555
2.165841
0.119017
4.154313
5.566292
2.658848
4.307826
-6.562704
-7.043005
4.296313
3.424570
3.007538
-1.299037
10.711119
1.481741
-7.123882
10.144459
5.465236
2.836397
-0.778652
-4.273442
-2.400770
2.262540
7.188803
4.655416
4.540911
3.469719
5.295557
-4.255513
-5.060567
4.715690
2.170187
-10.452821
3.583389
0.864118
-11.494679
1.424241
11.653187
6.423602
3.153065
1.213853
5.076017
1.970921
-4.126496
10.445692
-1.043466
4.372366
1.543894
2.868632
4.851669
4.200878
2.293476
-6.704309
6.607477
0.527803
9.985391
9.158592
-0.750364
2.367419
-8.075389
2.350484
6.174374
5.287070
4.058916
4.082746
-5.126264
2.724205
6.214314
1.735892
3.723867
4.463952
-9.576857
4.029764
5.295915
0.981095
-7.297670
5.767241
-2.720699
-5.956904
1.961794
0.929836
-10.212660
-9.257358
-0.944736
-9.515794
-1.303777
2.978529
2.280088
0.117280
1.412922
-6.782130
7.325926
1.202382
4.368713
-6.882756
2.175474
-6.311679
4.423405
3.581986
-6.897098
-3.468718
-6.639075
-3.005252
-10.403586
-2.949163
0.904259
2.302401
7.520737
-10.113950
3.872949
-11.689037
5.481751
-2.106025
-5.606114
0.041508
11.222517
4.091719
-0.655968
-0.663368
-2.179442
-0.017368
8.844556
-2.157522
5.001890
-1.472603
-5.925588
-3.073606
1.869257
-8.101827
4.404886
9.328415
12.365821
-1.399819
2.469034
8.536064
7.097325
-1.101855
-10.400356
2.513637
-2.033385
-7.840095
-5.207467
6.674828
-6.744175
-1.003776
0.654104
5.877279
2.932160
1.863628
1.587119
0.287776
-2.521950
1.733903
8.475364
-9.979949
3.065252
-1.852493
-1.403609
9.005659
-14.688020
5.502593
-1.316888
-1.065462
1.901819
1.273052
8.828978
5.228991
4.456489
6.325302
3.495251
2.211277
-3.780198
0.826660
6.774034
-0.593778
6.075218
-3.504018
-4.458182
4.313211
1.144419
4.777984
8.497269
9.473169
5.905401
-4.667613
-0.281288
1.482475
-6.297080
-0.540820
-2.711798
-1.254436
-6.716249
4.056860
5.426693
-14.039799
5.373752
-0.648854
6.025750
0.651174
2.988823
3.762791
11.139121
2.918181
-0.583620
-7.165139
-3.195309
-1.925280
6.449310
1.491470
0.678724
0.810873
0.527237
-11.365276
-6.699680
-6.139709
-6.292824
1.452922
4.483934
6.837660
-8.021266
1.596999
-0.742810
8.742336
6.748580
9.694787
4.489042
7.303904
-3.214426
7.314888
4.009196
1.876090
-9.408666
-3.916608
7.384596
5.648079
1.553363
3.600542
-0.740377
-0.121563
3.393876
-2.705560
-5.371441
0.124583
5.357458
2.779325
-3.688536
4.250599
5.720873
-3.429413
2.650486
4.088542
13.778678
4.271816
-2.410033
2.399306
4.578204
8.385658
5.747405
-2.770875
4.853022
-2.473607
10.904237
-2.372265
-2.707275
9.569259
-2.451747
-5.456498
-8.536907
4.141586
4.327270
2.189842
3.125477
6.886591
-7.673425
4.718954
1.891187
-6.458262
5.512046
2.905198
2.781378
-2.125303
-5.278783
2.857287
3.064320
3.315690
7.226051
7.001120
-1.738360
0.190420
5.254621
3.015203
3.276037
-6.534872
6.093210
-8.609889
-8.485792
2.011803
-6.586865
2.408504
8.903283
7.490804
-1.705025
-2.674803
1.582228
1.913830
-8.899476
1.573926
7.763071
-3.080808
-4.876369
0.831570
-1.491663
10.754888
-4.014055
5.225319
5.785767
-0.154660
-5.993046
3.450246
6.423978
2.122435
4.416353
-5.216140
-5.646488
-8.405107
-5.457314
4.350530
1.952287
-8.409456
-7.967878
-1.259849
7.134438
6.721441
-8.984084
-3.722273
-5.331320
6.390798
-10.180078
3.478448
0.230811
4.590825
4.262835
-2.832812
5.860478
-0.537125
-4.126030
-3.264750
-4.496277
-9.063190
-0.513984
0.037595
-1.616153
3.322817
3.986549
5.294287
-1.953252
4.227387
9.554527
-5.418629
5.721436
3.077957
-5.516457
1.159297
-0.228368
-1.966672
-0.584157
1.233357
-1.209198
4.363955
-7.851530
-1.634441
-1.352821
5.994834
-1.129624
2.215716
-10.334374
-1.164707
9.776155
-0.510783
8.654133
5.477775
5.641500
0.164354
-0.476098
8.041421
2.956930
6.544163
-1.297918
-7.748608
5.776976
-4.948134
-4.453598
-10.545716
-1.379777
7.070959
3.141926
-0.374017
6.571143
3.127364
3.064509
0.312368
-4.310239
3.124718
-4.848244
7.098503
0.958272
-7.289532
-10.607855
2.888690
6.330258
7.656013
-2.685697
-9.113571
2.673072
0.646864
4.985837
0.263410
9.646604
-4.194288
7.222021
-0.845247
-4.678938
-10.889410
-2.793209
0.188000
6.475315
13.510557
2.513958
-2.005140
5.176564
-0.992162
-4.609900
7.545113
5.739198
-0.749932
-3.734107
4.058685
2.859281
-1.019508
-2.603718
-4.052358
1.204702
-1.875990
4.741199
4.036116
1.664713
1.595895
-3.526623
-1.294476
4.952677
0.042094
-3.502511
-0.386304
2.028024
6.589858
4.575480
-1.109150
-3.049503
-4.144232
-2.516951
-7.308085
6.197152
-1.624479
-1.323182
2.998823
3.729967
5.662132
-5.430865
-9.300320
3.006848
8.226122
1.214804
0.130961
-5.197024
-2.480628
-3.832048
1.694406
-10.061508
3.246019
1.932221
0.719224
0.204907
-6.306285
0.455088
4.146597
-8.235294
-2.790433
-2.902940
-0.032796
-5.450653
3.688927
3.303078
6.024952
-7.225922
2.421581
8.061419
4.226527
-7.912849
-1.437298
6.621988
-9.587706
-3.777310
4.721281
4.694290
-5.212155
-9.160486
0.197265
7.257277
2.077704
2.667857
5.314138
-4.439785
3.424077
-1.662266
0.793990
4.258913
0.672941
4.672076
4.181370
3.688543
8.579968
10.090919
-4.879470
2.792261
-5.525409
5.796018
-4.526703
0.307744
5.574429
-0.748704
0.318745
-2.861107
1.805640
14.469103
-0.942063
4.060585
-1.487893
0.016265
2.706831
-1.232377
10.978352
-2.603119
3.076125
6.860953
-1.807784
-2.364026
6.784331
6.758026
-0.134003
8.127259
-3.634884
8.121135
5.962224
0.536017
-6.855089
-1.775502
-4.096008
7.846962
3.085730
-4.400456
9.747653
3.728661
-5.446034
-2.678598
3.804071
-9.812910
-9.969463
-12.257187
1.403756
1.214552
-3.463401
-7.728999
4.571474
-6.403378
2.768744
-5.033313
5.109725
4.438526
6.492314
-7.174669
-3.972469
12.750698
-1.466872
0.559590
2.311851
-0.268984
4.003361
6.558541
8.951886
-0.026244
-2.311247
6.844498
8.165361
3.359443
-2.971504
-5.423860
5.615647
3.537679
7.065482
-8.847731
2.424482
-5.636161
4.813383
2.542162
2.482565
2.069996
0.919167
1.720957
5.481117
3.911997
-3.540996
-4.310623
5.162176
4.628913
3.002009
0.678697
6.502966
-1.345327
6.161153
1.214185
0.238416
-4.555192
1.127660
3.882881
0.004511
7.707375
6.594032
-6.854494
-0.906192
-8.928928
4.321776
2.184674
-9.673634
2.121523
-6.275941
-2.155666
6.563942
-2.465615
-4.829615
-2.365139
6.963330
-9.500712
-6.683017
-0.534295
-1.757847
-1.644762
7.366076
1.632481
-7.070941
-4.164582
3.673173
8.069831
2.174244
11.123426
-8.911927
-0.953465
4.901191
8.734170
0.384773
-0.186180
7.218652
-1.451524
-3.161937
4.472359
-7.256989
3.751514
2.490628
2.435096
-0.706957
-6.834681
2.811337
-4.309364
-0.637191
5.559290
-1.231575
0.290770
-3.692547
1.794392
3.810014
2.226741
-1.698206
-1.981548
-1.705839
3.318129
-2.412827
1.351517
-1.793650
3.948141
-1.610774
11.182032
-6.254903
-2.117217
-9.590600
5.911029
-8.761692
7.453989
1.828637
3.110834
0.837138
7.833952
6.739418
-4.293769
-3.393204
1.371755
10.836839
3.010579
0.757969
6.619545
-2.653741
4.122024
-8.272253
1.921985
-3.939950
4.250537
0.116268
-10.323328
5.157421
-5.485716
5.246350
-10.638959
7.417709
11.965820
-1.693743
1.950054
1.058509
1.765277
7.141427
2.487797
2.553294
5.290445
-0.930041
-2.838048
2.409760
12.389394
-0.104288
-9.239357
3.781937
2.686191
0.215014
3.045195
3.409964
-0.911186
7.100125
-7.126301
-8.089562
1.724521
0.409315
7.205374
7.174092
7.529338
6.267139
-0.087087
-2.688194
-3.065391
1.436125
-6.755173
-5.054672
-6.195727
-2.195780
7.491007
-4.728355
4.571001
6.207332
2.615338
0.463506
3.361431
-1.523961
1.185259
0.483978
-4.554736
-10.875284
12.239474
9.635275
3.239993
4.642970
6.395166
-3.979778
4.728803
-8.601385
-9.161872
4.624599
6.271726
2.348476
-2.244336
0.659285
1.236339
4.945880
11.128133
5.525233
4.340351
5.923734
7.137055
0.757237
3.495475
7.573519
-0.504171
-7.975631
-0.506852
5.825831
1.342025
-7.172850
2.800632
-4.633744
6.735866
6.727015
-10.813896
4.417737
4.450264
3.630324
4.264763
11.367940
5.241497
-6.458053
1.198871
0.355122
-7.482576
2.182336
5.135439
4.230715
-0.259774
6.169546
2.464958
0.091148
-2.171512
3.264616
2.568332
5.353232
1.315821
3.419277
9.569389
6.220716
-1.307736
6.841746
2.748264
-5.678700
-6.063802
-7.536451
-3.341715
1.685691
-2.548172
6.117344
-3.834648
1.402489
1.686716
6.932549
-7.002130
-9.203352
-5.358492
2.930488
-2.094292
-0.309706
-4.496037
3.248724
-1.397953
2.308933
-5.665084
-1.899481
3.330963
10.691981
2.799933
-7.017054
0.714344
0.666063
7.244366
6.138650
6.032322
3.205252
-5.867411
1.405611
-9.012781
-3.510362
-8.631267
-0.434879
-3.176913
4.950915
3.065392
0.055361
1.643432
-2.597648
-2.536007
3.100644
-3.792617
7.747626
-0.045701
-8.485187
-3.217642
6.775998
5.506196
-10.237220
10.768250
-7.719927
-9.117936
-13.310242
5.075471
-4.096904
5.666042
6.879714
0.796341
9.834688
9.212622
3.186092
7.546571
-7.673965
6.302303
2.271743
2.886064
-3.588222
3.094155
-4.776723
-3.663223
1.364212
-5.512175
-0.303800
8.107975
2.037181
1.617215
-0.213337
-4.344894
3.731241
8.054893
-0.203477
-2.048684
0.806922
5.936464
-4.081096
8.186323
-8.674123
1.611408
-0.735435
1.877075
3.934052
-6.173682
5.841158
-1.084127
6.111081
-13.376198
-8.671105
-4.509810
4.082060
6.876959
-4.398581
-0.925333
2.206237
-2.804132
-4.285742
4.378987
-5.349091
-5.449592
-5.902437
0.753755
-1.825972
1.003768
-5.360844
-1.044589
-2.198841
-3.694315
6.543238
4.501805
8.435761
-0.819990
-2.539661
-8.313834
8.966673
4.434653
-2.820871
1.053883
-2.236124
4.757250
-3.565620
1.340364
-8.502701
-7.404297
0.447230
-4.512948
3.280648
0.729416
4.917120
-1.702662
2.199791
1.979618
-4.163601
8.629425
2.079236
2.400727
-8.649968
7.797958
0.399725
-3.718054
3.492824
3.941751
1.367883
-3.566515
5.596648
-4.304040
5.308206
1.156330
2.348293
10.104953
2.395879
8.494058
-1.249405
5.509026
4.081891
2.165393
0.670352
-10.449771
10.332881
-10.241871
-2.538399
8.166936
-4.693968
-0.566324
7.467159
1.370374
-1.608025
-0.023207
-3.362589
-6.068593
5.803734
-2.504715
5.573724
-0.942871
10.458684
-9.430101
-6.043652
0.936205
5.237796
6.234161
-1.496113
1.735298
-6.942331
2.660245
3.001586
0.732765
0.604529
2.487578
-9.430511
0.960649
4.569623
0.562680
-4.080961
-8.513523
1.079885
-1.227028
-2.171962
-6.837918
-8.186156
16.197020
2.663561
-2.520594
2.826275
3.694890
-6.150737
3.868177
2.434135
2.355858
-3.905570
-5.281325
-6.046049
0.119576
4.897335
10.609665
5.316370
-3.337906
9.788026
-4.325281
-9.456638
-0.622938
0.099934
-1.176241
6.337214
6.223708
4.878920
-8.297758
4.348350
6.668532
-1.801489
-0.521040
2.400617
5.487694
1.113855
-3.672434
-5.446703
-0.830106
-4.830563
2.565226
-2.734810
3.088632
0.832788
-6.015214
4.347859
-4.699539
7.335235
-6.715838
6.761282
-3.466354
-5.775911
-4.452106
4.607623
-11.978559
6.230511
0.363069
9.596246
-5.738854
-1.463583
1.994808
-3.046969
-9.519637
7.202054
-0.336699
-5.987680
2.068197
-7.880394
-1.458813
6.143849
2.735365
6.524298
2.228107
8.197439
-1.647014
6.094563
5.845127
2.754894
-2.429371
1.374691
-4.580816
2.671407
4.021068
5.368860
3.116633
-0.008574
10.183570
-2.659843
-4.934050
-1.362899
-0.951438
2.490395
-0.671246
6.669376
5.813448
4.233407
-4.807416
12.083184
2.330408
3.917056
-0.005680
-6.829401
-0.124737
-3.216954
-8.406439
-6.217701
-1.976710
2.394683
-6.021933
2.806242
1.404396
3.075888
-14.117072
-0.557819
-4.595739
1.527577
-0.773705
6.272702
-4.572963
0.028964
-6.336321
7.306640
0.062048
1.787840
-6.783865
2.542043
-1.973833
7.675813
-4.539239
4.173909
2.353382
-1.202425
7.410423
-2.490989
-6.779653
-4.017160
4.602455
0.519807
1.459266
-1.468884
2.055449
-6.562710
-2.851758
4.999142
-7.935757
0.650821
-5.187385
3.006255
1.231661
-6.520080
2.945808
3.379514
2.657656
-0.984455
-3.003822
-3.940676
-4.264383
-0.446307
4.853745
6.094700
2.411123
-1.524363
-6.353874
-2.503380
7.948387
1.985651
3.010242
13.223775
-5.396299
2.990254
-0.480427
-5.065374
-3.122169
2.196947
3.069029
2.897486
0.872769
1.395962
-3.342091
4.825899
6.016344
7.009240
-1.317975
2.911637
-5.916960
3.971255
2.003906
-7.467931
-1.111084
3.262626
3.852816
2.329897
-6.585373
0.397872
8.296571
-2.459817
-4.628618
2.118640
4.966533
-5.913774
-2.731442
4.009763
-7.433205
-0.108701
4.565975
0.591457
0.683978
1.456302
-3.674198
2.045475
0.944268
2.651461
-0.628851
7.340214
-4.795832
8.476795
-3.005294
4.819509
-3.766670
0.929940
0.351470
3.797727
5.275462
2.246891
8.296508
2.970384
1.640841
-2.761387
-6.898515
-1.929362
6.421737
1.549936
5.606021
-4.811375
-1.166527
8.172292
-0.463929
4.137342
2.153796
-1.404188
-1.682123
4.318058
-1.284936
3.699121
-3.325023
-7.386676
1.257286
-0.509921
3.527072
0.480575
-6.439480
-3.794999
3.591510
-1.262615
6.224042
2.281610
-13.624160
-7.512668
3.826985
1.860832
-3.252887
-4.536216
-3.370896
3.282599
2.557347
9.799080
5.473774
1.539891
1.101085
-7.160243
9.993122
1.369567
9.177784
7.425586
-4.256040
-0.398376
-10.829951
5.741796
5.835799
-7.376353
-0.626933
-0.370553
-3.738626
3.470785
1.394037
-5.969022
-3.118112
-2.094110
-11.987687
-0.267072
-4.430375
3.812684
0.741381
1.682362
-3.809840
9.640870
6.975264
3.745373
-3.279582
3.555425
-3.532344
-8.072795
-6.076568
1.360601
2.705650
5.009611
0.187850
-1.180529
-0.121022
9.015901
5.294855
7.361390
4.729464
3.619495
7.819739
4.077154
-0.532379
0.747164
2.009715
-3.363972
-0.081497
-2.665516
-6.485955
3.273147
-1.004456
-1.748471
-0.397121
0.458656
0.526438
0.379912
-4.941486
1.717430
5.496655
3.701710
5.629384
6.579876
6.560125
3.771227
6.469026
-2.401888
2.378683
-3.360642
-5.450007
0.039912
10.016539
-0.753116
-11.313514
-2.915492
0.979285
5.697186
13.066279
0.300134
-1.254738
-2.157371
10.737925
6.195155
-1.523444
-10.680117
3.096448
1.376960
2.300841
-8.196315
-3.232273
4.945090
4.131647
-5.717617
-4.814978
-8.067913
-5.646212
-5.584842
4.104793
-8.402440
-5.636381
-5.115638
6.219068
2.402000
2.424901
-5.002864
-2.731172
-0.058645
5.068907
4.809316
-0.675982
-2.661705
1.366206
2.746951
-6.118131
4.448755
4.336346
-7.539923
2.268704
6.565363
-3.359484
8.753429
2.119523
0.728709
-10.972714
-4.505497
2.101363
-2.025806
-9.270170
-4.504463
-6.941978
-6.602416
0.129929
-1.692155
3.980899
-2.549997
-1.487688
-0.113083
-0.307683
2.846230
0.264734
-6.164257
0.967864
6.074854
2.177620
1.854418
10.824916
