1.673313
0.352602
-0.821993
-0.010532
-0.113657
0.104813
2.177372
0.426831
0.336797
-0.130657
0.100426
0.288603
1.034064
0.455550
-6.192798
0.342432
0.743109
0.443684
0.511610
0.442224
3.064955
0.888289
0.616414
0.577900
1.554047
-1.284409
-0.130356
2.465699
1.724636
-0.766663
0.321669
0.552583
0.707014
0.317874
0.309571
-0.250845
0.210572
-0.712024
-0.418713
1.172771
0.145178
0.571445
0.183924
-0.163734
1.427240
0.279172
0.583108
0.373801
-0.140761
0.398928
0.040948
-0.696546
-0.054214
0.211896
-1.932015
-0.710967
-0.065697
0.219369
1.058244
-0.656048
0.571930
1.968237
-0.078949
-1.046472
1.847311
0.370001
1.937668
2.535395
0.276617
0.561224
1.057058
0.866489
0.912193
0.340445
-0.101150
-0.050308
-0.371357
0.076754
0.305255
1.217073
0.562140
-1.365392
-0.964437
0.200061
0.354802
0.832354
-0.202334
0.732066
-0.101143
-0.742110
0.008915
-1.696914
-0.870552
0.554945
0.282282
0.057650
0.009501
0.488286
0.101414
-0.585700
0.250709
-1.969187
0.273793
1.313786
3.249969
0.111525
0.225312
-0.518595
-0.688905
0.290161
0.178498
-13.978432
0.290458
-0.122801
0.545595
-1.049996
-0.060402
0.879074
-0.069882
1.089936
0.548126
0.834462
0.088599
-0.399831
-0.448593
1.222545
0.033259
1.244394
-0.254088
1.063870
1.017938
-1.525060
-0.446753
-0.516899
-0.146482
-1.139067
0.384222
0.783783
0.195435
-0.476469
0.108211
0.037519
0.875284
-0.620287
1.132326
-0.566268
1.118418
0.696380
0.040385
-0.254744
0.441578
0.996952
0.660777
-0.214650
0.472533
0.247260
1.120091
0.952935
0.643792
0.214929
-0.169527
0.716457
0.693887
1.783724
0.004390
-0.056555
7.725546
1.062352
0.148371
0.678302
-1.085925
-0.135840
1.410672
0.186225
0.056600
-0.036666
0.965001
0.234739
1.326864
0.334039
3.638822
-1.629763
-0.551343
0.409973
1.984142
0.989163
0.059149
-0.472515
0.497051
0.935823
0.658733
0.784639
-2.891489
-0.088191
0.529478
1.427764
0.451583
0.776301
0.233826
0.528399
1.063401
1.131278
0.400440
-0.120449
-0.189346
0.196009
0.396584
2.618202
0.458982
0.027922
-0.127675
0.759685
0.443035
-1.157633
0.638641
1.074544
0.303936
-0.330697
0.561905
3.042520
1.947234
0.177562
1.100049
0.047136
0.335888
0.220615
-0.856771
0.370162
1.293049
0.984996
-0.359068
0.403406
0.495049
0.574773
1.052691
0.096159
-0.086010
0.746092
-1.472726
0.235365
0.121994
0.852316
0.075650
-0.828434
1.408341
-1.388532
0.920670
0.006699
-1.247706
-0.849326
0.459790
0.170114
-0.653603
-0.260514
0.757270
0.603646
0.103095
0.017359
-1.945314
0.480638
0.907515
0.562619
-0.135923
-0.139504
2.214101
0.118749
1.099452
-1.108825
0.350436
1.153941
2.081719
0.002935
0.399861
1.698678
0.736787
-0.123365
-0.167915
-0.489672
0.448382
0.697994
1.046807
0.980670
0.921545
0.071780
0.492083
-0.109354
-0.507369
0.852187
2.778369
0.889339
0.978093
-1.364569
-0.341064
0.577105
-0.397079
0.828875
1.538172
0.181265
0.731642
0.432455
0.400851
0.806745
0.638920
0.942149
0.274818
-0.135145
0.385358
0.783793
-0.170087
0.990978
-0.205284
0.164700
0.188495
0.613695
0.521131
-0.715577
0.117145
0.056257
-0.379903
0.321987
7.171141
-0.338032
0.654282
0.218893
0.990950
0.915824
0.202894
0.755227
-0.183465
1.333715
0.247553
-0.978685
3.212973
2.272722
0.443804
0.454708
-1.011275
0.546168
-1.506289
1.030668
0.202718
1.104005
1.395344
0.608307
-0.186428
1.205780
-0.410264
0.576962
2.699390
0.737488
-0.384928
-0.101548
0.908563
0.097204
0.723338
-0.154244
0.650149
1.544008
0.961262
0.756516
-0.083834
0.498415
0.184382
-0.134112
-1.545314
0.043603
0.039133
0.943005
-0.095927
0.236058
-0.420197
1.074372
0.992263
-0.065778
1.095547
1.172278
0.266948
0.618388
-0.592994
-0.699297
0.292111
-1.364729
0.435187
0.284138
-2.135952
-0.199778
-0.481940
0.337524
-0.239834
0.946699
-0.511324
-1.185290
-0.097072
1.203759
1.564456
-0.521785
-0.377587
0.894787
-0.007591
0.245299
-0.795216
0.620091
0.725867
-0.121803
1.850317
-0.208061
0.754291
-1.497844
0.243575
0.557322
0.719066
1.736924
0.204721
1.504265
-0.117184
0.062506
-0.105529
38.311917
1.680018
0.935451
0.900838
0.283714
0.003903
3.161841
-0.097470
1.801751
-0.613526
-0.264156
-0.531068
-1.045540
0.029875
0.937479
-0.434780
0.852264
-0.482567
0.101225
0.839055
-0.093647
-0.239665
-0.073590
-0.194253
0.165705
0.992565
3.453864
0.935300
-0.355950
-1.510687
-0.235905
0.547244
1.393187
0.076667
0.102488
-0.053486
-1.163141
-0.306332
0.072973
-0.472497
0.870563
-0.147879
-0.219495
-0.016459
-0.471313
0.068101
0.036300
-0.286762
0.477573
0.383390
0.411697
-0.079276
-0.441933
2.613616
0.062471
0.383812
0.339548
-0.009316
0.870044
-0.205108
0.225210
-0.647735
0.540826
-0.572418
-4.091341
0.325479
-0.312594
-0.138291
0.920322
0.415737
0.356047
0.691954
0.436489
1.690600
0.901909
1.070187
4.268629
0.379911
0.192372
-0.287574
-1.116436
-0.075818
0.658262
2.438703
-0.261336
0.105721
0.932382
0.407198
0.521595
0.259134
0.261150
0.666043
0.925702
-1.867447
-0.909060
-0.412299
0.723928
0.087068
0.895834
2.520473
2.773185
0.678836
0.310111
0.689472
0.217459
0.358473
0.822512
0.052359
-3.468607
-1.306994
1.550279
-0.268143
0.118842
-0.139120
0.626442
0.314742
0.816888
-6.598642
0.737792
0.214121
0.267774
0.201884
0.560494
-0.915320
0.323079
0.054229
-0.130386
0.503931
0.709403
-1.033501
0.039124
-0.318063
1.025434
1.193849
1.111774
-0.008079
-0.156416
-0.344399
-1.189352
-0.464693
0.098859
1.055599
0.288386
0.319519
0.582754
-0.161327
-0.260121
1.240259
0.237763
0.887221
-0.932492
0.531138
0.292381
0.087763
-0.329278
0.271333
0.315284
0.135511
0.151806
-0.227951
0.808361
0.544082
0.164834
1.327706
-1.123304
0.450393
2.166485
0.297142
2.919241
-0.654052
0.071355
0.026105
0.654111
0.082612
0.533246
-0.039646
-0.143385
3.042918
0.315387
-0.277717
0.307711
0.086538
1.040957
-1.445438
0.211243
0.542465
-0.510920
0.002824
-0.081698
-0.058689
-0.144261
0.813593
-0.311684
-0.287914
0.528174
0.062591
0.570684
0.143683
0.111039
-0.800943
-0.074775
4.099551
-0.448352
-1.764796
0.434848
1.703838
-0.234301
0.006006
1.976297
1.021803
-0.085034
0.497536
0.415469
1.035295
1.037622
0.218825
15.260555
1.169700
-0.255073
-6.319057
0.225807
1.324072
-0.408577
0.543119
-0.200757
-0.142997
0.740401
1.169567
-0.245804
-0.453192
1.166344
-0.169278
1.903354
0.326504
-0.337377
0.281705
-1.404372
-0.848899
1.030103
0.233690
0.871946
-4.263875
1.038974
0.298841
0.521958
-0.032461
1.864555
0.164570
0.362121
1.008434
0.113662
-0.108664
0.618950
1.065397
-0.081393
-2.210956
-0.365864
-0.155943
-0.676147
0.013364
0.212785
0.491708
0.615626
0.507347
0.057844
0.947204
-2.035465
0.422161
-1.812962
0.346970
1.298894
0.498861
-0.377830
0.030234
-0.339060
0.361747
2.043016
-1.173436
0.162240
-0.321147
-0.417098
-0.339853
1.193097
0.401777
0.809354
0.823990
1.218539
0.507416
0.421704
0.077573
-0.278635
-0.174160
-1.539896
-0.225272
1.234190
2.820426
0.064996
-2.368564
0.208586
0.437537
-0.205282
0.651018
-0.834620
0.380446
-0.485216
0.226159
-1.008775
0.483383
0.334394
-0.416885
-0.740890
0.262105
0.670809
-0.377144
0.193663
1.179065
-1.968793
0.363913
-3.766746
0.057061
-2.162152
-0.796391
-0.832358
0.561666
-0.348649
-0.374224
0.233272
-0.408101
0.905297
1.000657
-0.111351
0.482313
1.184248
-3.659526
0.444089
-0.024213
0.129234
0.055987
0.623864
0.731727
1.174970
1.494535
1.665624
0.382383
0.992451
0.581862
0.866497
-0.855655
0.183312
-1.407048
1.088956
-0.115399
0.598971
0.373704
1.947612
0.166615
-0.174710
0.418982
-0.099370
0.440999
0.390292
-0.524806
-0.095316
0.797472
1.879151
1.136456
0.016858
0.465132
-2.457445
0.344435
-1.983146
0.441047
0.637244
6.323802
1.425080
-0.233163
-0.340676
0.023676
1.134746
-0.133875
0.642273
0.766265
0.348395
-0.053201
-2.381530
-0.085362
0.746517
-0.838781
-0.252041
0.298886
1.558282
0.989456
0.281180
1.411924
0.111422
1.860515
0.461468
-0.052486
0.033380
0.035052
1.107411
0.180347
2.982349
0.768993
0.162957
-1.312916
-0.246008
0.457910
0.002995
0.283898
-0.365601
-0.713907
0.655785
-2.053176
0.874691
-0.539108
0.790674
0.085570
0.912855
0.412787
0.542855
-0.351773
0.247797
1.906594
-0.717314
0.163493
-0.096450
0.338295
0.512386
0.191222
0.265441
0.682434
1.436815
0.111415
-1.016336
0.020316
0.422798
-0.778895
-1.064057
0.864253
-1.950976
0.921475
0.525368
1.471742
0.506160
1.462154
-0.646492
0.248978
0.070729
0.631778
1.584042
-0.529548
-0.129318
1.201398
1.023262
0.668683
0.092160
0.740117
-0.185359
0.570742
-2.709161
-0.056550
-0.483857
0.702442
0.576879
-1.089001
2.492546
1.199386
1.072241
-0.367373
-0.122669
-0.121754
0.875604
0.463121
-2.166967
3.256483
1.174551
0.609259
1.319352
-1.026660
-0.345491
0.334169
0.238716
0.115429
-0.803653
0.937765
0.195276
-0.306972
0.648764
1.566107
0.607826
1.646163
-0.269420
0.629395
0.569544
0.423405
0.673192
1.098261
0.196699
0.345566
-0.214301
-0.201177
0.033341
0.556433
-1.551620
2.329829
1.289984
0.506578
0.713812
-0.084877
0.415664
0.323856
0.558750
1.043583
0.929456
0.185256
1.193878
0.074522
0.237009
0.229376
-0.463684
0.021941
2.880620
1.081174
1.057141
0.451625
0.788824
-0.471461
-0.032765
0.457115
-1.458024
0.372778
-0.486404
0.344266
0.011071
0.171920
0.968071
1.786253
1.162627
-0.006080
-0.262220
-2.629897
0.745301
1.305650
0.159194
-0.255771
0.874942
-0.190064
0.221398
1.219494
0.525717
0.016423
0.351878
1.428145
2.026995
0.766003
0.079860
-0.256807
-1.981313
0.347511
1.857111
4.463496
0.438331
-0.077725
0.546172
-0.398819
1.204612
1.659805
0.919033
0.145073
-0.419506
-0.211042
0.713791
1.180753
2.796932
0.758115
-1.324538
0.579497
-0.315740
0.079284
0.421163
-0.864082
-0.287232
1.145202
1.731724
-0.017922
0.680633
0.039947
-0.009504
0.190172
1.705115
-0.048941
0.744762
-0.593643
1.394379
0.784494
-0.081559
1.420845
0.399467
0.927035
0.128432
2.603178
0.261512
2.045950
0.404882
0.322308
-0.210926
0.159753
1.237556
0.193816
0.131062
-0.016430
1.146141
0.002076
1.324538
0.332391
-0.421311
0.762446
0.295962
-0.266327
-0.186550
0.058708
5.336135
0.890708
-1.802007
-0.726003
0.566441
0.206284
1.119565
0.203251
1.832852
0.323904
1.487107
-0.438348
-1.700212
0.060696
0.315310
0.254725
-2.546924
0.160149
-0.463326
0.303125
-0.009792
0.727229
0.020104
1.057143
1.789443
0.213622
-2.037680
0.912867
0.757496
0.416588
0.998548
1.125428
0.370108
2.977503
1.125630
-0.981774
-1.718535
2.092297
0.482283
0.718297
-1.661658
0.030627
0.991907
0.971252
0.397755
1.228285
0.004234
-1.601076
0.906160
0.446096
0.035079
0.212144
0.214640
0.157179
-0.489281
0.850801
0.994692
0.485289
0.413138
0.487842
0.789937
0.139790
0.192911
0.926503
0.027008
-0.460424
1.452214
0.095027
0.794458
0.241600
1.274107
-0.594310
1.082936
1.430086
-0.254295
1.021000
0.273275
-1.267762
-0.090616
2.633541
0.887022
0.335706
0.648850
-0.155824
2.544207
0.923428
0.193790
0.342603
1.245989
-0.567524
-0.416252
-0.050046
3.008166
0.003485
1.257583
1.565823
0.535119
0.771472
0.934859
-0.446101
-0.076014
0.260982
-0.212843
-0.309212
0.272991
3.652214
0.468580
-0.070285
-2.803998
0.044301
0.320019
1.308509
0.589991
-0.349039
1.550008
1.022453
0.879001
0.037836
2.629672
0.269815
0.574494
1.012723
0.783293
0.128111
0.628893
-0.178771
0.293373
0.224715
1.948843
0.124854
1.351535
-0.422549
0.744071
0.520757
0.413755
0.549994
-0.938890
-2.333004
0.291101
-0.532280
3.491815
1.340173
0.863957
0.924209
-0.360805
0.907847
-0.885296
0.460930
0.461074
0.760463
-2.082142
0.589108
1.261547
0.029368
-1.056183
3.967043
0.269676
-0.672310
1.496889
0.660969
-0.962158
0.748717
0.458323
0.770589
0.766889
-1.369489
-1.015270
0.234333
-1.067762
-1.970345
0.944084
2.463001
0.267307
0.399748
0.704781
0.322499
0.032351
0.196953
0.789897
0.088109
-1.482502
0.530632
0.441245
-2.427075
0.089309
0.534659
0.334047
0.120937
0.186053
0.584392
0.661707
6.341175
-1.806325
-0.014680
-0.887005
0.015056
-0.450394
-0.042910
-0.392229
0.885234
-0.296721
0.699524
-0.119384
-0.023353
0.241210
-0.186346
0.580449
0.509653
13.086014
0.366906
2.568546
-0.110124
-3.225611
-0.440184
1.172383
-0.620392
0.612732
-0.331134
0.708635
0.534971
1.108436
0.825670
1.582448
0.796743
1.423624
1.703621
0.588677
0.859354
0.572569
0.054617
0.087677
-0.470694
0.474266
0.017319
-2.627966
0.194037
0.764731
1.062868
-0.050511
-0.096128
1.184630
0.920066
0.424723
0.826165
0.229053
1.024901
0.582947
-1.844555
0.787017
0.424383
0.742996
-2.909344
0.435508
-0.759197
1.350894
1.172860
2.603136
-2.271516
-8.597201
-0.083086
-1.655862
0.466689
0.067895
-0.400387
0.598712
0.807591
1.032058
1.134341
-1.250605
-0.387083
1.181534
-0.055807
0.803670
1.568799
-0.083494
0.800576
0.707976
0.361445
1.729693
-0.464818
1.232278
0.301414
0.102439
1.123343
-2.113173
-0.083689
-0.449372
0.272185
-0.507567
0.064708
0.954378
1.013965
0.379914
0.262044
-0.715138
1.682606
2.259193
0.706359
0.000268
-0.035414
-0.020455
0.894630
0.465610
-0.277564
1.104075
1.005795
-0.428274
1.988943
0.233646
-0.230879
0.272131
-0.475505
0.971349
0.648719
-0.512041
-0.637900
0.526095
0.090063
-0.313531
-1.103960
1.283667
0.415464
0.413304
-0.738068
0.232998
1.402842
0.308156
0.086669
0.046923
0.316870
0.285824
-0.617482
-0.196465
0.190169
0.018271
0.370210
0.169317
2.541109
0.297187
-0.345822
0.259600
0.554374
-0.062498
0.232224
-0.035973
0.038525
1.523201
0.125001
2.824306
0.601407
0.509380
0.909746
0.866267
-0.256906
0.552608
0.057557
0.992578
-0.668074
0.159705
0.494152
1.672453
-0.319203
0.163727
-0.085819
-0.772056
0.466805
-0.376815
2.044033
-1.087671
-0.117649
2.393428
0.301383
0.939496
0.277564
0.522711
-0.249413
1.817891
1.703008
-0.105699
0.050389
-1.161774
0.746654
1.117780
9.887533
6.536561
0.173302
-0.252275
0.347555
-1.562687
-0.784449
0.127399
-0.933989
2.472629
1.433936
0.864063
-0.122225
0.847905
0.853018
0.063919
0.890052
-0.783460
0.383761
0.191056
4.141219
-62.942869
-0.000586
0.406564
-0.613866
-3.551585
0.392585
-0.396948
0.135507
-0.810941
0.421099
-1.130619
0.157283
-2.532233
-0.130322
0.815100
-1.906014
0.708970
-0.316981
0.607675
0.057037
1.592650
1.059028
0.962417
0.279114
0.484585
0.134799
-0.180173
1.109986
-0.347079
0.337759
0.948642
-3.269534
0.302472
0.051136
-0.710013
-0.433279
0.748533
1.791150
-0.223389
0.456279
-4.861359
1.102172
-0.308657
1.883308
-0.138363
0.171253
0.580430
2.831680
0.234627
-0.095188
0.551148
-0.630104
-1.048391
-0.654309
-0.651995
-0.216083
0.667148
0.769434
0.945775
1.127118
0.272901
-0.783272
0.410422
0.115707
0.627866
-0.330896
0.344471
0.739357
-0.248457
0.299411
-0.952560
0.034777
0.222114
0.843570
0.322994
0.485834
0.780481
0.896626
-0.201073
0.747308
0.313547
0.816360
1.200230
0.133816
-0.034939
-0.058741
0.710942
5.006356
1.694180
2.173108
-2.444126
0.870981
1.253433
-0.696589
-1.266094
-3.285674
1.490902
-0.994636
0.044345
0.112640
-0.461667
0.013488
1.394676
0.057772
0.021113
-1.978847
0.576616
-0.393948
-0.101592
0.400189
0.939689
1.037635
0.489956
0.552948
2.131988
0.261172
0.800472
0.919137
0.640892
0.641437
-1.001310
0.203539
0.059607
0.276405
0.033940
0.740685
-0.371167
-0.020680
2.222951
0.167275
1.096408
-0.096583
0.120549
2.374350
0.002084
0.260372
-0.068722
-0.582573
1.358382
-0.189361
-3.315669
-0.296292
1.100305
-0.015865
0.454652
0.005235
0.103717
0.423753
1.851539
2.305294
0.321988
0.721704
2.782708
0.901871
0.923355
-2.320052
-1.049764
1.225709
-0.402959
1.613524
0.768376
1.656472
0.725989
0.687759
-1.106836
0.845086
0.074836
0.125549
1.343959
0.309718
1.713762
-0.205868
0.875817
0.356537
0.087601
-0.265028
0.535178
-0.001772
0.379829
0.504416
3.331558
-0.080004
1.341011
0.709352
1.266890
0.956417
-0.351957
1.931735
-1.047452
-2.456546
-0.765637
-0.155141
0.816569
0.012522
0.046535
-0.301016
0.670777
0.194676
0.546058
-0.521910
0.923858
0.823951
1.346117
0.014759
-1.082433
0.883995
-0.196604
-0.130380
0.029440
-0.111846
0.657311
1.673365
0.757103
7.336979
0.931799
-0.860992
-0.074081
-0.199345
0.020043
1.301119
0.483936
-0.011745
0.438548
-0.024416
0.256802
1.509940
-0.454566
0.119550
-1.604793
0.794840
0.355267
0.596057
-0.088613
-1.223782
0.214102
0.267236
-1.479251
-1.890445
4.061482
0.859006
0.360514
0.423935
0.436395
0.087894
0.682660
0.151471
0.339343
0.881824
-4.215588
0.699164
0.939602
0.112217
1.063919
0.779377
0.233626
0.177302
-0.078902
-1.449596
0.745034
2.146419
0.244809
0.365394
1.259349
1.365068
-0.477948
0.542382
0.708539
1.328910
1.268505
-1.090429
0.779433
0.846630
3.071400
0.215026
0.165152
5.221620
-0.618779
0.221179
0.140881
-0.595045
0.907648
1.863011
0.671753
1.107582
-0.110659
0.085747
1.312787
-0.486727
1.090794
0.796506
-0.573288
-0.103144
-0.258096
-0.148321
0.222535
0.271406
0.036438
0.101951
2.609851
-0.031348
0.709043
1.683210
1.742485
0.420379
2.578809
1.171352
0.390811
-0.280742
-0.186643
-0.667735
0.160585
-0.585885
0.356265
0.582061
0.730065
0.106287
0.917355
-0.206174
0.683819
1.143056
1.292945
0.760498
1.997994
-0.038325
1.292713
1.115861
5.214740
0.033805
5.627889
0.660266
0.428789
-0.015132
0.161461
-0.107849
-0.203293
-0.222355
-0.062896
-0.290893
0.699306
0.942041
1.440380
0.971576
0.846238
1.012805
0.748214
0.518184
0.343404
1.337069
0.237950
2.109880
2.480984
0.057639
3.158623
0.455484
0.185900
-0.035972
0.517163
-0.927660
-0.100934
0.739891
0.620811
1.200861
0.319416
0.833162
-0.088072
0.997523
-0.255203
0.035771
2.961192
-0.317765
0.264257
0.177464
0.777683
0.737938
0.532130
0.070567
0.965963
-0.396630
0.559057
0.809784
0.064244
-0.433824
0.057084
-0.116587
0.489832
0.238197
1.478526
0.525551
0.339243
0.310165
1.408531
0.025081
1.795048
0.688548
0.336317
-0.131484
0.474440
0.086185
2.163099
3.846537
0.750813
-0.332609
0.481400
-0.979084
1.606050
0.157801
0.377709
0.381952
-0.489816
-0.099476
1.409779
0.410628
0.065567
-1.265743
0.227041
-0.271842
-0.185928
1.569975
0.182987
0.805430
1.004763
-0.450403
0.456343
0.430490
0.729376
1.161017
-2.563725
1.106069
0.414619
0.695436
-0.350144
-0.611681
0.622323
-0.682067
-0.094438
-0.464045
0.662556
-0.059936
0.191750
0.317692
-0.075480
0.077761
0.765131
0.372803
1.176249
0.781942
-0.076049
0.986935
0.827490
0.568198
0.299223
0.095499
1.136854
0.266148
1.482898
0.794629
0.152317
0.863669
-1.148661
0.511500
0.741341
-0.644408
0.495289
0.363310
0.739460
-0.352786
0.023873
-0.208145
1.472890
0.640140
-0.313961
-0.517115
-0.110959
-0.371324
0.404047
0.668675
0.091107
0.514531
-1.368453
0.927031
-0.710019
0.497184
-0.687682
0.635281
-0.673497
-2.262580
-0.106812
-0.308077
0.121677
-0.182569
2.840478
1.958368
0.236852
1.145281
0.947062
-0.039507
-2.509985
-1.537826
0.196683
0.182600
0.646262
0.635140
-0.618495
2.361776
0.078959
0.815902
-0.532815
-1.593517
-0.166798
1.824259
-0.784996
0.982257
-0.385784
0.480877
-0.805345
0.792564
-1.055365
-0.127782
-1.067617
-0.047674
0.174946
1.001361
0.252237
-0.282422
0.297039
0.013158
-0.843183
-0.102820
1.070818
0.861025
0.431019
-1.119398
0.272548
-0.284228
-1.655908
0.548387
0.341734
0.396779
2.333990
1.183510
0.936211
-0.185871
1.830950
-0.066360
-0.739115
-0.658115
0.971373
0.186473
-2.937744
0.835175
0.271304
-0.462277
-0.565995
0.760988
-0.004110
0.037953
-1.314749
0.676316
0.321744
0.606928
0.805293
0.009298
0.637435
0.443791
0.088121
-6.457515
0.276628
-1.910422
0.237536
-0.588100
0.170911
-0.035538
-6.030691
-0.929571
1.282096
0.074761
-0.305895
1.292359
0.705577
-1.175911
-1.337759
0.240738
0.943931
-0.137952
2.323579
0.172686
2.192494
1.366540
-0.063021
0.218953
0.659297
-0.131919
1.011095
0.988245
-1.076910
0.934921
-0.065995
-0.594063
0.162503
0.743538
-1.462781
0.225556
1.327745
0.132833
-0.733522
-0.219268
-0.467656
-0.358351
0.200388
0.000620
1.325652
0.053272
0.588780
-1.323716
0.113187
0.804351
-0.911347
1.045448
-0.024026
-1.403268
-0.562919
0.952634
0.473488
0.187314
0.492350
0.243649
-1.795483
0.689030
-0.214273
0.509073
-0.462302
-0.660268
-1.021316
1.776684
0.790539
1.084978
0.654919
-0.775332
0.748775
-1.268472
0.205182
0.636109
1.349133
-0.465495
-0.894938
-1.970649
5.121210
1.879628
-0.580221
7.703809
0.467904
6.535081
-0.062049
-0.258026
0.407650
-0.634784
0.472528
-0.012278
1.046559
-12.137884
-0.886452
0.020214
1.179768
0.011689
1.016946
1.418738
0.196947
0.056996
-2.243735
0.542950
0.925390
0.973802
-0.351110
-0.545265
0.309536
0.514733
0.558496
-0.699028
-0.100599
0.373622
0.518992
0.239202
0.072242
0.873374
-2.518368
2.119057
0.086955
3.536113
-0.226643
-0.269546
0.855145
0.093001
1.219805
0.057918
0.704284
-0.052612
-1.366869
0.276715
0.002361
0.174563
0.093349
2.331314
0.594828
1.429862
-0.409985
0.403940
0.067390
-0.014247
0.408459
-1.940887
0.681770
0.386439
-0.269100
0.902041
-0.851598
-0.155246
-0.105085
0.264589
0.370660
0.630832
1.438421
0.944415
-0.335776
0.344797
0.757860
0.884167
0.168594
-0.893271
0.703850
-9.395816
-3.733543
-0.617397
1.352595
0.180164
0.710229
-0.759452
-0.786655
-0.188137
-0.184830
-2.258131
-0.069473
0.536208
1.110477
0.522017
-0.045087
0.124717
0.720390
-0.519119
0.601409
0.308178
0.521815
0.238278
-0.239721
0.479361
-0.396151
0.000934
0.124948
0.261929
-0.525428
1.011112
0.300517
0.455462
-0.623747
-0.754835
0.299476
-0.173344
1.225668
-0.915744
0.470734
-0.578030
10.427930
0.629051
0.201053
1.812310
1.704790
0.834774
-0.426907
1.215815
-0.106512
-0.502018
1.884033
-1.085976
1.693273
0.081815
1.257751
0.074059
0.118877
0.325959
1.504437
1.227158
0.669591
0.163166
0.700676
0.732334
0.788628
-0.399216
0.303662
0.486792
-0.147947
-0.992953
3.148267
1.255882
-0.090687
0.777623
0.370241
-2.399325
-0.418002
1.085251
0.302054
3.323699
0.958034
-3.156997
-0.721052
-0.239340
0.144607
-0.090602
0.919974
0.005862
0.060240
0.115744
0.519714
0.497453
8.483422
0.850734
-0.718924
-0.839070
0.498839
0.180028
0.168934
0.876567
0.892854
0.185587
-0.077098
0.222390
1.278975
0.550426
-1.297698
-0.321196
0.142869
0.226237
0.766185
-0.440721
-0.202893
-0.238731
1.742570
0.294421
-0.313031
0.154499
-0.336957
0.393071
-0.237638
0.530079
0.351153
-0.084034
1.226796
-0.169437
0.069073
-0.195228
2.432919
-0.089599
-0.069742
0.137278
0.107288
0.626376
0.025105
-0.047556
-4.071725
0.266435
0.385752
2.049407
-0.078387
0.015486
0.350751
0.839492
-0.719573
-0.060409
0.114934
0.657913
2.210539
0.069290
0.865745
1.030109
-0.008299
0.011290
-0.171245
0.122708
-1.142398
0.701233
-0.329957
-3.744324
1.856875
3.502550
0.736128
0.085847
-0.019620
0.041313
35.834250
0.932593
0.560053
1.791379
0.333263
0.746481
0.187498
-6.554758
0.150806
1.554784
0.342229
-0.290754
0.883751
0.476900
0.490782
0.298651
0.649029
0.072699
2.721950
1.340469
-0.037493
0.548484
0.338248
-0.287946
1.320706
-0.162475
-0.543732
0.778930
0.314473
0.589535
-0.513340
0.688075
0.219217
1.021120
0.815026
1.525963
0.791699
0.044978
-0.307981
0.232469
0.377438
0.319033
-0.044210
0.375553
-0.692568
0.034644
0.451241
-1.130081
0.088404
0.698354
0.475437
0.814845
-0.495642
-0.217746
0.994716
3.322216
0.238361
-0.433710
-0.049608
0.514818
0.660664
0.330004
1.714468
0.473577
0.161949
-0.452102
0.400574
-0.251118
3.054116
0.137088
-0.204321
-0.087737
0.438295
0.566243
2.089945
1.671968
0.783841
-7.341569
2.390165
-2.022842
0.206357
-0.686940
-0.085521
1.029291
-0.240588
0.704751
-0.120211
-0.230416
0.169245
-0.096751
-0.509445
1.238183
1.794378
0.679536
0.396566
-0.065270
0.040713
1.877384
-0.648657
1.618848
0.542838
0.808561
0.192627
1.494461
0.431466
0.341297
0.284352
0.997607
0.423421
0.312128
1.000497
0.886038
2.023560
0.539902
-0.160138
0.923216
0.096806
-0.348889
-0.578867
0.645130
0.485536
-0.454916
0.683942
-0.180920
0.051579
0.226721
0.859885
0.022139
-0.240818
0.535118
-0.476550
0.556452
0.019793
0.569204
-0.904482
0.053923
0.444848
0.301934
-0.692627
0.815043
-1.037183
0.458029
0.435327
-0.064261
1.952973
0.217832
-0.200394
0.755504
-0.885399
1.240424
0.209556
1.164832
0.877769
-0.289320
0.793771
-2.830941
0.942683
-3.851970
0.800833
-0.597659
1.171978
0.029864
-0.859758
0.150854
0.399859
-0.269080
0.555129
-0.200046
0.733587
0.083539
-1.952680
-0.035180
0.761000
1.103682
-0.075084
0.832830
0.304872
-0.473806
0.724673
0.719812
1.015909
0.731017
1.490434
1.036469
0.944422
-0.023431
0.760134
0.179282
-0.332805
-0.309274
-0.112771
-1.323606
-1.211413
0.513518
-0.018941
-0.519982
0.152000
0.675718
-0.527623
0.165447
-0.969103
0.854688
-0.572380
-0.148535
0.305688
0.480065
2.988386
-1.596765
0.423974
-0.014282
0.296646
-3.188776
0.721986
0.581174
-0.197942
1.163800
1.245562
-0.211725
1.055772
-0.120301
0.640799
0.520665
1.671653
0.761516
-1.643741
-0.118765
0.697413
0.174140
0.227938
0.473398
0.761743
0.586436
0.651412
-3.835658
0.086415
1.505233
0.130014
1.713901
1.244410
-1.069109
0.173769
0.178207
-0.023063
2.017438
1.177794
-0.574024
0.737844
-0.187992
0.418219
-0.057643
-0.227183
0.170496
-2.066644
0.390583
0.344431
-1.002433
-1.878765
2.367685
-0.852795
0.397565
1.055766
1.708049
0.533453
0.277119
0.575977
0.047360
0.756038
1.100012
0.558363
-0.640036
0.419036
0.603582
0.544891
0.561979
0.433516
1.848466
0.868239
1.204570
0.039571
-5.499829
0.859704
0.613804
1.082965
0.717947
0.565255
1.774543
-0.232801
-0.664236
-3.604171
0.439208
0.205470
1.017689
-1.506234
-0.041971
0.187027
0.896163
-1.303338
0.269723
0.082495
0.644243
-0.296439
-0.383331
-0.448028
0.284357
-1.322279
0.242220
-9.027022
1.474742
-0.791485
0.285220
0.193460
0.485066
1.428669
0.521805
1.099719
-0.005812
5.415018
-1.348462
0.390192
-0.338741
0.449405
0.194965
0.741788
0.184393
0.225126
0.167717
1.131502
0.282612
0.246563
3.178633
0.526319
0.281280
0.207484
0.141951
0.739787
0.453406
-0.462634
-0.936770
1.214021
0.700278
0.787243
0.610848
1.422371
2.407142
0.039112
-0.084122
-0.119113
0.216218
1.610643
0.765842
1.197176
-0.814758
1.017682
1.311275
1.038095
0.969582
0.215019
0.349351
0.381735
0.278891
-0.340744
-0.500497
1.354004
-0.479286
3.080039
0.953187
0.740366
0.180938
-0.708286
2.228441
-1.780285
-0.035817
0.240203
0.242511
0.195679
0.030983
0.265250
0.423007
0.757395
-0.547714
0.132070
0.505455
3.828174
0.626553
-0.206735
-0.390677
0.856594
-0.294112
0.295000
0.965994
0.324771
0.303070
0.559273
0.604150
0.145548
-0.547744
-0.543552
0.573213
0.232599
-0.034640
-1.481546
-3.419579
0.241792
-0.885625
0.944368
0.443090
1.272755
-0.505449
0.438265
-0.161888
0.207119
1.273351
0.476063
0.784280
0.736867
-14.574526
1.089954
0.392193
0.829646
0.664165
-0.601507
0.712655
0.423428
0.943745
-1.429802
0.082008
-0.194426
0.431192
0.048758
0.393279
-0.226383
7.254212
0.525072
0.046999
1.451613
-0.856138
0.651373
-0.945889
-1.032622
2.804679
0.184991
0.088241
0.521144
0.596592
1.258485
-0.236151
1.190999
-0.430337
-0.781825
0.820888
-0.963116
1.294383
-0.010799
-0.186761
0.347821
0.159271
0.107382
-0.085609
-0.572240
1.042985
-0.533487
1.117520
1.176014
1.349449
-0.074315
0.397496
-0.692302
2.757428
3.060238
-0.208977
0.874400
1.114989
1.585730
1.631106
-20.253205
0.017632
0.234951
0.761861
0.219153
-0.067978
1.485062
0.326683
0.969126
0.566775
0.600585
0.049391
-0.823437
-0.242173
-0.055342
-0.217721
-0.733421
3.772435
-0.956573
0.472174
-0.161792
0.765298
3.742913
0.296414
0.147310
5.998071
-3.100769
1.253156
-2.484716
0.215538
1.221074
1.248953
-0.002046
-1.658216
0.753536
1.018178
0.535663
0.356993
1.270583
1.233294
10.182346
0.869388
-0.328246
1.664464
-0.515570
-0.239845
-1.421080
-1.126238
-0.092887
1.220160
-0.694383
0.087782
-0.565751
-0.059153
0.662195
0.955108
0.528354
0.268639
0.090530
0.357088
1.386329
1.025492
0.853560
0.148441
1.099046
-1.286018
-0.112418
0.592997
0.513442
-3.212625
-1.887136
0.881204
-0.155441
0.896365
1.573348
3.292485
-0.210893
1.941948
2.558797
0.891565
-0.434469
0.471283
-0.266116
-0.050870
0.171357
1.129762
0.094239
0.339255
4.867236
0.880423
-1.015756
0.990408
-0.342091
0.419935
0.751155
5.167818
1.415323
-0.088871
1.566905
-0.235005
0.154087
0.957023
0.638970
0.533953
-0.543275
0.695683
0.051171
1.643275
0.232882
1.176029
-1.206747
-0.703341
0.193388
0.005022
0.126403
0.783369
-0.205207
0.357385
0.391431
0.375666
0.173501
0.825795
-0.232158
1.347586
-0.479153
2.168047
-0.037194
-0.346609
-0.401803
0.181009
0.314285
0.922784
0.081400
0.318073
-0.672924
-2.229845
0.422037
1.008467
0.220019
0.351569
0.583734
0.260449
-0.030725
-0.070031
-2.879790
-1.630179
1.754107
0.788667
-1.696802
0.204371
-0.249627
0.432685
-4.008937
-0.326959
1.207350
0.202994
1.967331
-0.116232
0.918138
-0.049181
0.755329
0.946043
0.990741
0.116316
1.016604
0.787818
-3.594872
-0.452012
7.598045
1.057516
0.693598
0.613125
0.666152
1.619154
-0.936021
-0.419530
0.052800
-0.837136
0.358522
0.687191
-0.087139
1.211567
-0.383396
-1.045279
1.050292
0.126314
0.107799
-0.796127
-0.258397
0.074314
0.064218
0.308284
-0.174774
0.420475
1.315740
0.592927
-1.178119
-0.370986
1.058049
-0.347429
0.924507
-0.764901
0.490235
1.173457
0.180563
0.800316
-0.738164
0.238046
-2.053954
1.065018
0.161608
-1.113484
0.004166
-1.757248
0.228632
0.164235
-1.141422
0.754071
0.577740
1.218063
0.873734
-0.855260
-0.868867
-0.049320
0.486023
1.083069
2.169381
-0.162980
-0.190469
0.061712
0.023855
-0.628490
0.301749
0.328250
0.590295
-0.916353
-3.747982
0.249877
29.680217
-0.889065
-0.395429
0.672642
-0.716636
-1.179925
-11.521061
0.461947
0.688032
-0.537964
0.210769
0.181197
0.162744
0.159545
0.470032
0.386223
0.924823
0.207343
1.015461
-0.628477
1.116176
0.206730
0.431488
0.953106
0.562547
-1.055733
0.414747
0.195125
-0.211863
-0.029964
-0.401569
0.960946
0.456448
0.888826
0.175785
1.270054
0.157383
0.845069
0.496204
0.102321
-0.394526
0.915700
0.509392
-0.651926
0.499126
-1.507000
1.378652
-0.246020
0.221695
-0.467869
1.039251
0.398058
0.192378
0.821391
0.305301
0.087345
1.262745
-0.310715
0.439901
0.063920
0.026156
-1.567297
1.679581
0.106034
0.223500
0.095954
1.460853
-0.164060
2.073842
1.344845
1.285100
-0.255787
0.903326
1.895054
0.532047
0.596573
1.715320
-0.682288
-3.037506
-0.249694
-0.397920
-0.162165
1.218031
0.134118
-1.376997
0.998343
0.912980
-0.415375
0.332013
-0.200292
0.356112
0.285358
-0.047085
-3.275466
0.407791
-0.117746
0.491100
0.753985
0.420913
-0.768346
0.610263
0.478313
0.125193
-0.294172
0.993642
0.307429
-6.599572
-2.753456
-2.005785
0.150229
-0.668725
0.125890
0.451573
-0.600363
0.391917
-1.085836
0.296225
2.055529
-0.938521
-0.172257
0.813467
-0.679248
0.773240
3.464484
0.865710
0.164780
1.013873
0.042795
-0.470834
0.131487
1.569498
1.259122
-0.455554
-0.768844
2.476674
0.420102
-0.060616
0.600808
-0.273258
0.879808
-0.334613
-0.210188
-0.454718
0.446645
-1.471712
0.193971
1.171454
0.323535
0.334614
-0.418428
0.693030
1.177442
-2.334070
-0.161515
0.793709
1.219230
0.419603
1.079326
-0.822832
0.345565
0.236285
0.647923
-0.602943
0.634218
2.397642
-0.366442
1.435360
0.910820
0.107038
0.510183
-0.191585
-0.938341
1.049348
-0.026453
-0.777332
-0.274020
7.008842
-0.061393
0.347013
1.034521
-0.077730
-0.246537
1.130041
-0.003670
3.456957
0.796713
-1.026395
0.780234
-0.603714
0.279285
0.046285
1.161660
-0.512290
0.952738
0.281520
-0.308165
48.529074
-0.459081
-0.734038
0.251818
1.078917
0.137460
-1.194110
-0.113351
0.382248
1.981855
0.203083
-0.706973
-7.183419
0.036350
3.147162
0.403038
0.760147
-1.900378
1.049410
0.427510
0.494247
0.501373
-0.005694
-9.144593
0.112412
0.220113
-0.014108
-0.492743
0.635536
1.063287
-0.993252
-0.033887
2.600059
0.780227
-0.184526
0.422925
-0.165289
0.396344
-0.036984
0.142280
-0.033496
2.151470
0.012543
1.690070
1.414469
1.032437
0.918025
1.566334
-0.390826
-0.265575
0.586741
0.905674
0.602228
0.202875
-0.425082
-0.347614
-0.030874
0.873030
0.916762
0.811661
0.639947
0.982284
-0.201247
0.352290
0.443864
0.529964
0.392528
-0.280797
-0.393970
-0.383218
2.244065
-0.039249
2.895424
-0.044495
-0.283748
-0.307077
2.650010
1.310015
-1.684986
1.093441
-0.982640
3.143016
-0.150282
-0.424435
-0.251768
-0.760154
0.420187
-0.143914
-0.794660
-0.786734
-0.694708
0.042593
0.284906
0.784273
0.570489
3.579308
0.579256
1.157793
0.050045
0.966204
0.227019
0.406771
0.770646
0.441886
-0.714078
0.072703
-0.094560
-1.433141
0.166773
0.931456
1.284623
2.090851
0.189935
-0.611416
0.685598
1.068716
-0.353913
0.153553
0.005494
2.743307
0.564947
-2.215644
1.055830
0.011472
0.354158
0.275319
0.381437
0.244532
-0.193247
-0.576413
-0.312965
0.348647
0.133919
0.017862
0.705320
0.922061
0.226832
0.520459
3.773384
1.553671
4.662809
0.639411
-0.205559
0.035323
0.151025
-0.861496
-1.946383
0.506712
0.290122
0.354198
1.606860
1.038557
0.287532
0.657221
-1.283922
0.252863
0.455979
1.087323
0.428598
0.414761
0.393060
0.335329
0.714997
-2.053224
1.278901
0.969889
0.137135
0.831449
0.434221
-1.000866
1.429751
1.408128
0.267031
0.350751
0.690322
0.660612
-0.105718
0.343076
0.104886
1.036091
0.232359
0.070772
0.376088
1.557360
0.391461
0.955496
0.246630
0.116213
0.068147
1.105989
0.986932
1.046397
0.426934
0.204557
0.745963
0.793401
1.002501
0.724662
0.036714
-1.187244
0.164079
0.230279
0.849352
-1.148028
-0.266746
0.250479
0.364071
0.960727
-1.909470
-0.105799
1.521990
-0.306807
-0.339030
0.741881
-0.128004
0.831791
-0.389633
0.135007
1.124997
-0.432726
-0.876838
0.839916
-0.103642
-1.139196
0.096628
-0.073811
0.197237
0.296027
0.224245
-0.999884
1.629875
0.297498
0.023343
-12.313999
0.109607
-0.016286
1.040859
0.168092
0.118108
0.076539
-0.033371
0.359556
-0.205453
-0.754207
-0.593185
56.611777
-0.476752
-0.681610
-0.466694
1.222078
-0.328342
0.453620
0.791212
0.378617
4.826015
0.626977
-0.883240
-1.478622
1.165564
-0.658232
-0.245910
0.885927
-0.062286
0.396642
0.478924
1.033802
-0.494092
1.086104
-0.027021
1.066795
0.207549
-0.032526
0.674627
-0.214000
1.330771
0.351354
0.323061
1.111861
0.085561
-0.380599
1.498579
0.770248
-0.061249
1.023829
0.522829
-0.458902
0.467131
-0.502553
-0.051216
-0.172674
1.116156
0.512684
0.051558
-0.261059
-0.031647
-0.016976
0.051639
0.528330
-0.948214
1.289264
-0.807483
0.316921
-0.181321
2.575014
1.242995
0.243957
0.020785
-0.013916
-0.048822
0.728754
0.952325
1.819022
0.364865
0.812979
-2.163164
0.786521
0.947791
0.878339
-2.012241
-0.184461
1.149561
-0.028070
-0.923707
1.148251
0.349941
-0.077309
-3.776784
0.171603
0.499631
0.593804
0.234513
-0.288839
-0.011710
-4.222130
0.314560
2.176760
0.009387
2.212314
1.295603
1.156351
0.338432
0.095544
0.074695
0.410550
1.702216
-1.825891
1.151513
-0.881621
-0.045379
-0.029982
-0.516095
0.364260
-2.658135
1.302886
-0.175640
0.935299
0.283155
0.351252
0.251403
0.325448
0.664212
-1.236907
0.379306
1.089547
-0.095561
-0.296832
-4.272761
-0.936292
-0.181855
0.387488
-0.063861
0.818195
1.444503
0.392253
0.358677
0.695134
-0.336044
-2.546984
0.389160
0.881587
0.813969
0.683671
0.232655
-0.697815
1.518298
-4.940206
-6.330969
1.929735
-0.396958
0.841115
-5.817877
-0.214127
0.312845
0.869334
0.681222
0.534260
-0.112188
0.656363
2.653995
0.806518
1.315012
0.106773
0.084608
-0.314692
0.536497
-0.053617
0.149848
-0.812254
0.476713
-0.914755
-0.080318
0.834378
0.843690
0.500740
-0.280181
0.690967
2.074471
1.147192
0.656263
-0.493500
0.153264
-0.637171
0.219302
0.152020
0.344235
-0.782428
4.220814
0.434891
-0.155777
-1.176697
-0.851491
-0.466863
-0.279604
0.673036
-0.136175
1.140644
0.921478
-0.792887
0.630616
0.513551
-0.391667
0.294163
0.208576
-0.250605
0.457157
0.973264
-0.217699
-0.140695
0.305978
0.912955
-0.713956
-0.151683
0.056680
1.027484
0.128754
-0.059699
0.513634
-0.369944
1.055968
0.033613
-0.400231
-0.028279
1.088598
0.623591
1.039305
-0.536179
-1.255195
0.642613
-0.363113
1.021832
-0.983983
0.479699
1.250805
-1.047167
0.226520
-0.147714
1.414587
1.674725
1.193236
0.001557
-1.157125
0.469863
-2.628052
0.211350
0.160730
0.044061
-2.138036
-0.451432
-0.963694
1.680813
0.117893
0.448617
-1.331241
0.986476
-1.479366
0.373957
-0.564717
1.078037
-1.527335
0.569806
0.920984
-0.364977
-0.199624
0.262829
-0.159160
-0.067820
-0.785119
0.916468
7.622794
1.547679
1.192909
1.182501
-0.194917
0.414915
1.339178
-0.173722
0.195679
-0.034944
0.203365
-0.778193
0.865024
-0.105103
0.243160
0.939865
0.314886
-1.386014
0.260333
1.141043
0.820396
4.039948
-0.574575
1.294094
1.242629
0.393619
-2.316956
0.465286
0.565838
0.004809
-1.375016
0.296744
-0.181238
3.476652
-0.000094
0.800874
0.384588
-0.119711
-0.021255
0.092943
-0.289735
1.223022
2.703445
0.679706
0.394534
0.981418
1.069895
1.514276
0.455806
1.178280
0.666310
-4.746061
0.537121
0.775297
1.166624
1.211538
0.273431
-0.376950
0.896427
-0.755699
-0.339685
-0.108755
0.153616
0.589532
-0.394415
-0.628479
1.516553
0.441991
0.331444
2.084694
-0.039747
-0.028459
-0.102086
1.216369
0.183964
0.376116
1.497492
0.085384
1.233636
-1.997477
1.288091
0.635156
0.379938
0.660438
0.784739
1.085363
-0.121699
-0.086032
0.979008
1.029866
0.144557
1.160986
-0.008761
0.825846
1.404904
-0.239285
0.243656
0.289880
3.636173
1.167285
0.528405
0.189914
0.411805
0.703928
0.586921
-0.139840
-0.279193
-0.279480
-0.470918
1.315997
0.265424
0.308338
-11.967427
0.519649
0.012973
0.663943
0.049743
0.176111
1.662546
0.583852
0.065140
0.510910
0.699578
10.674383
0.184737
-0.120839
-1.077865
-0.051005
0.013843
-1.688352
1.139037
0.484012
0.599177
0.233714
-0.553188
0.963919
1.060592
1.608010
-0.636408
-0.042161
0.526310
0.316579
0.120385
-0.736256
0.417861
-1.712834
0.570921
-0.178354
-2.267853
1.536896
0.447386
0.009430
0.802826
0.646652
1.618510
0.514248
0.262884
-0.309924
0.546956
0.344493
1.179141
1.380779
0.373444
1.460791
0.320439
0.131133
1.024833
-0.200202
1.455118
0.208695
-0.692077
-0.632855
0.935487
-0.673639
-0.312640
0.603511
1.256942
-0.640626
0.288073
-0.082642
1.921986
1.830963
-0.377519
0.840372
-0.058866
1.251394
-2.927188
1.288403
0.081767
0.834251
0.191975
0.488449
0.119560
0.231590
0.705531
0.102501
-0.328915
0.736377
-0.829104
0.665735
3.121639
0.290843
-0.279543
-0.329472
0.588132
0.106765
-0.568951
29.613332
1.583339
0.475971
1.337648
0.526260
-0.169823
0.600428
0.433054
0.449130
1.251819
0.553052
-0.484398
-0.860544
0.044274
0.201419
1.820263
-0.573394
-1.810048
0.744649
-2.254912
-2.613772
0.341906
0.383789
1.087877
-0.290255
1.317304
0.207383
-2.111335
1.000277
0.222070
0.360064
1.320528
0.098635
0.548188
0.359914
2.049274
-0.139100
0.060255
1.311918
0.311561
-0.062758
1.613929
0.983506
0.209618
0.093916
0.313243
1.390709
-0.842648
1.674856
-3.239880
0.328226
0.956539
-0.733191
2.016674
-1.646402
1.485399
0.744966
1.283881
0.522526
0.123658
0.590937
3.609902
-6.466377
-0.192518
0.459987
1.789474
0.505815
-0.110439
0.114034
0.214572
1.147109
0.670123
0.815476
0.512428
0.315030
-0.088602
0.212970
0.647422
-0.158563
0.931393
0.708798
2.030100
-0.022578
0.348196
1.062830
2.583138
-0.358937
1.552902
-0.376003
1.701905
-1.481861
-0.020293
-0.596946
0.304460
-0.099066
0.882771
1.509106
0.507382
0.433140
0.942871
-0.179570
1.887683
0.277311
1.494441
-2.204584
-0.713463
-1.313202
0.792134
0.995378
-0.631079
-0.261400
-0.308010
0.437845
1.553606
-0.166754
0.308914
0.713885
1.522053
-0.372281
0.576630
-0.255234
-0.024900
0.272338
-0.149367
-0.268817
2.111774
0.536220
-5.165583
-1.688681
0.293196
-0.759822
0.225481
1.147316
-0.208940
0.553149
-4.430772
-0.825037
0.473441
1.624013
0.041293
-0.667097
0.545254
0.377462
0.017667
0.681287
1.059673
0.303100
-0.218637
0.264748
0.330498
0.671347
1.346385
-0.432031
0.940649
2.570935
1.490339
-0.324669
0.290975
0.651041
-0.077659
-0.004284
-3.463762
0.458954
-4.220307
0.128100
0.071228
-0.508373
0.226308
0.257032
-0.048476
0.471297
0.422746
1.167508
0.081971
-0.276208
0.095333
4.259837
3.218417
-0.527516
0.187396
-0.042965
0.265192
0.323619
0.158499
1.379806
0.605913
0.816788
0.329228
-2.234227
0.132045
0.746157
0.061781
-0.378865
-0.255097
0.502215
0.577868
-0.262742
-0.059286
0.617929
0.124234
-0.009351
0.346737
0.715378
-0.704357
1.077154
0.214386
1.180853
0.266068
1.115383
-1.724151
0.686489
0.619995
-0.089070
0.896104
1.212924
1.228673
0.437239
-0.501649
1.948390
0.050945
1.396551
-2.457085
0.438043
-1.006868
0.162110
0.945671
0.782747
0.568079
0.386091
0.290440
-0.394172
0.239989
0.094485
0.840649
-0.173046
-0.826144
0.729501
-0.130138
-1.233440
-0.629683
-0.099052
-0.088888
0.822041
0.651626
0.945664
0.076679
0.025920
0.099205
0.270102
0.985729
0.011543
-0.745108
0.650025
0.830740
-1.128675
-2.325228
-0.121052
0.674067
0.133292
-1.601523
1.878194
1.326725
1.050496
1.250823
1.121021
1.189431
0.656090
1.258173
-3.028438
0.166445
-0.476680
-0.038267
2.631534
-5.401402
1.065498
0.678665
1.638468
0.375648
-0.377340
0.324767
0.653427
-0.403830
-0.892695
0.894827
0.589185
-0.469903
0.182970
1.093314
0.255757
-0.048710
0.482238
1.416949
-0.229850
0.858993
0.253429
0.770466
-2.335183
0.688884
0.616986
0.436031
-1.556093
-0.572774
0.305405
0.011776
0.142227
-0.394373
0.476553
1.199804
-1.652048
-2.726554
3.379351
0.083985
0.008818
0.576626
-1.027061
0.311256
1.759590
0.979237
0.664348
1.142376
0.798406
0.708384
0.436547
-0.441627
0.806175
0.613841
0.848987
0.402576
0.656071
0.872627
2.530892
-0.032518
0.815518
0.146904
-0.473721
-0.916620
-0.457342
0.825653
-0.121923
0.063079
-0.262624
-4.777708
0.299746
4.324625
0.803507
-0.661091
-0.284663
-0.174011
-5.320559
-0.166538
0.253433
0.389025
1.292536
0.194004
0.782525
0.756978
-1.811519
0.293783
0.050101
0.033262
0.252814
0.280398
-0.173891
-0.180292
1.452099
0.564845
0.956982
0.051349
0.380371
-0.611204
-0.016547
1.054387
0.329103
0.153985
-1.589273
-0.641346
1.692010
1.157461
-1.886573
-0.300190
0.687632
0.364144
-1.720117
0.831962
1.949733
0.132028
-0.143916
0.226811
-2.029650
0.734464
0.370643
1.102450
0.155094
1.377511
0.019604
1.338496
-0.663877
-0.296357
-0.087732
-0.103156
0.932616
1.056305
2.006071
-1.113060
0.375334
-3.292033
0.863087
-0.601314
0.258593
1.413273
0.457355
1.191303
0.078489
-0.790376
0.867103
-0.310829
0.442081
0.331340
0.373617
-0.074191
0.181418
0.650493
0.758041
-0.260177
-0.167976
1.136656
0.441419
0.471550
-0.590254
-0.264258
2.185420
0.536707
-0.279653
-0.030491
0.485206
0.158768
0.713088
0.860223
-0.004233
-0.617586
-0.420869
0.170361
0.147607
0.688027
-0.232090
0.377535
0.298497
-0.254884
0.401409
0.394577
-0.008325
-0.150382
0.468807
0.031816
0.390949
0.040356
0.506771
-0.451376
-0.400054
-0.197526
0.141667
-0.611627
0.970329
-0.107811
0.158398
-2.254271
0.449946
-0.115092
0.956197
-39.216096
1.221822
-0.445540
0.023878
1.144097
-0.194041
1.500016
-0.006041
0.981885
-0.265933
3.000139
-0.527565
1.641662
2.865879
0.776649
1.087317
0.616587
-0.252893
1.407340
0.032416
0.097281
1.336970
1.023483
-0.209182
0.552154
-0.334192
0.320592
1.222364
2.013628
-0.219866
0.840412
0.395765
0.058513
1.060561
0.921198
-0.046741
1.115261
-0.940100
0.985883
-0.343719
0.893961
-0.076627
0.691285
0.815303
0.615908
0.056036
0.394839
-0.042260
-2.024895
0.431920
0.678085
1.154471
-0.357673
-0.000080
0.167022
-0.482394
-0.602986
0.292553
-0.172758
0.442996
-0.520348
-0.059683
-0.725290
1.056128
-2.108114
-1.567361
0.684486
0.416300
0.178046
2.006934
-0.647133
0.476790
0.422957
0.087386
1.028331
0.988648
0.442497
0.084860
0.381809
-0.258571
0.623107
1.014635
-0.172420
2.006042
4.544563
0.518540
0.326688
-0.368042
0.379087
0.015810
0.162967
2.095412
0.385602
1.680780
1.077614
0.611966
0.868169
0.650275
-0.316470
-0.051848
0.073605
-0.276580
-0.163007
0.256574
0.756899
0.450345
0.202955
-1.184528
0.588600
1.386657
2.323868
-0.529530
0.675655
-1.407786
0.462555
1.221551
0.624984
0.537088
0.523336
-0.520475
-0.600751
1.524487
0.578834
-2.468487
0.726729
0.333250
-0.319762
-1.450797
0.222058
1.697228
0.783891
0.962886
0.238079
0.920224
-2.076833
1.107986
-1.024027
0.407282
0.068301
-0.203316
1.396172
1.533428
-0.291046
5.529820
0.700129
-0.001395
0.252944
0.400257
2.434636
0.428008
0.938443
-0.590783
-0.533608
-0.001622
0.637316
0.847417
-0.456528
0.370341
-0.775755
0.751277
0.510535
0.084318
-0.420022
-0.263831
1.633363
0.514987
-0.282649
-3.716824
-1.044397
0.365634
-0.737698
1.226038
0.214024
-0.412061
1.562479
-0.214916
0.563555
2.475303
0.440022
1.582316
-0.120497
1.458092
0.053825
0.306191
-2.135932
0.514876
0.975607
1.066922
2.164306
-0.214381
0.107320
-1.862225
0.571717
0.300916
0.013287
0.680374
0.517046
-1.126179
0.092614
0.856101
-0.184154
-0.260213
1.138452
2.093166
2.786155
-0.123150
0.228887
1.078526
0.281325
1.245157
0.136059
-0.289213
0.060479
-0.292233
0.360058
-0.259441
-0.238657
-0.972835
-0.102978
0.754428
0.395994
1.291690
0.185965
0.085304
0.001839
-0.140855
-0.576195
-0.319001
-0.028305
0.520189
-0.378102
1.178700
0.925757
-0.007173
0.116502
0.514846
0.064994
0.517528
-0.560327
4.143892
0.063169
0.778519
1.133086
-0.092971
0.431721
-0.012020
-0.393602
1.671486
0.499505
1.572409
0.289012
3.809025
0.708580
-1.040405
0.267182
0.076058
-0.819366
-0.537343
0.948930
0.725739
-0.244247
-0.058387
0.482372
1.337535
2.212146
0.271454
0.518765
0.004315
0.179212
-0.216247
0.213572
0.838920
0.459771
0.528738
-3.563405
0.019337
1.191774
-3.026682
0.296341
-0.575606
2.344526
0.594832
-0.026035
1.286649
-0.074362
0.367676
0.269083
-0.117370
1.596472
-0.110835
0.480208
0.647812
0.093653
0.624164
-0.049180
0.510215
-0.401842
-0.462576
0.319634
0.663672
0.964669
0.236778
-2.211979
-0.227428
-1.440897
-0.315491
0.210283
0.680102
1.943075
0.298771
-0.106022
-0.261949
0.260641
0.498622
0.709683
-0.497485
0.809647
0.669693
-1.289419
1.105493
2.231811
0.614917
0.890046
-1.188672
0.048582
0.183124
-0.836373
-0.353926
2.230106
0.898691
0.773301
-0.641130
0.406078
0.222100
0.516046
0.314820
-0.445036
0.766039
0.383688
0.811469
0.346389
0.129732
-1.621162
1.020580
1.271522
0.717204
0.127968
0.807687
0.613082
2.778270
-0.294790
-3.184158
-3.760644
0.201526
0.201325
0.834776
4.048219
-0.447019
0.468121
0.405070
0.527580
0.081124
1.565028
0.648396
-9.134209
-0.327628
-0.313595
1.612399
0.595009
3.270310
0.666723
0.075377
0.518504
0.402760
0.504565
0.016128
1.384985
-1.124471
1.062626
0.645993
0.764675
0.756227
-1.288348
-0.760840
0.660168
-0.052541
-0.728882
1.346131
0.842806
-0.574555
0.470637
0.763383
0.766064
0.259394
2.121139
1.233778
0.997895
-2.756278
2.020674
-0.737515
-1.360025
0.532183
1.244861
0.940663
-0.948984
-0.079242
0.928488
-0.133768
133.756389
-0.294991
-2.927037
-0.030660
-3.358818
0.097873
0.168380
-0.971114
0.127914
0.496423
-0.741614
0.966791
0.522863
1.149826
0.718452
0.245122
1.262113
0.354972
1.376862
-1.181802
0.327508
-1.515201
-2.193541
0.371863
-0.346894
2.340979
-1.117962
-2.838440
-0.753329
0.235197
0.318757
-0.870827
0.845212
-0.289391
0.056261
3.119003
4.519561
0.073544
-0.278445
-0.045619
-0.074256
0.319878
-0.216589
1.066111
1.430567
0.535100
1.518378
0.035648
-0.216634
0.404984
0.132212
0.834819
8.858665
0.417595
1.229886
-2.233473
-0.122893
-0.035707
-0.047698
1.133403
1.493280
0.725450
-0.360584
0.589148
0.105108
1.063328
4.655722
2.038223
0.270476
0.109113
-0.212452
0.303584
0.903187
1.013087
0.186911
0.989673
0.880964
0.718263
-0.563225
0.993842
0.982494
-0.235324
-0.472239
-0.145064
0.384850
0.280518
-0.066081
0.703738
1.091713
-1.711039
-0.062823
0.238806
0.748030
-0.124967
0.114935
-1.455733
0.050372
-0.212645
-1.127048
0.352377
0.695016
0.666592
0.160107
0.801303
1.722979
0.927281
0.400160
1.477263
-0.300437
-0.745288
0.601872
0.901674
0.433731
-0.239934
0.029267
0.281357
-0.045561
0.259235
0.473816
0.740476
0.540303
0.331908
-0.102228
0.279388
0.156692
-1.335444
0.693632
2.039883
0.310107
-0.196552
0.131018
0.949364
-0.230237
-0.238968
0.728361
0.000253
-0.829881
0.246192
-0.217210
0.574051
-0.186538
2.441866
1.098996
-1.020131
0.309729
0.671653
-0.427830
-0.430102
0.421878
0.065947
0.119823
0.367409
0.873574
0.254385
0.406900
0.176809
0.633055
0.910617
1.462031
0.615351
-0.312915
1.388267
0.030430
0.666449
-0.231449
0.494573
0.801883
0.362732
3.627000
-0.592615
3.208645
-0.313389
-0.099617
0.835184
0.860082
0.639429
-0.624066
1.105153
0.595238
-0.738734
-0.767824
-2.253683
1.390373
-0.958133
0.092297
-0.323197
0.013149
3.260385
-0.861219
-1.104826
0.115169
0.531841
-0.079169
0.267637
-0.282626
-0.022736
0.073338
0.779730
0.262695
-0.623662
0.333651
0.385270
1.035628
0.839647
0.149778
0.263466
1.771765
2.228638
2.230228
0.073589
-0.629138
0.127466
-0.092056
-0.073950
1.478047
-0.644591
-0.194560
2.487965
-0.050223
-0.296562
0.996059
0.184277
0.461610
0.336861
0.216893
-0.000364
-0.231984
0.692574
1.098232
-0.060129
0.096792
1.209498
-0.407716
1.258707
0.918140
-0.090094
0.568822
-0.696104
0.293321
0.013514
0.265590
-1.644765
0.910092
-0.626847
0.179599
1.673713
0.206163
-1.359242
0.631892
0.874886
0.922093
0.467376
0.825403
0.123816
-0.050019
-0.950568
0.181167
1.326369
1.919550
0.677196
-1.827074
0.114057
2.162005
-2.685283
6.036463
0.919702
-0.127504
-0.235390
0.058514
0.799718
-1.231967
0.110287
0.139965
-0.920588
-0.115562
-0.128784
-0.076080
-0.525986
0.680816
-0.275382
0.560152
1.340177
0.622307
0.949989
-2.093976
1.698354
-0.428697
0.488051
1.313696
-0.016183
6.964667
1.013715
0.505311
1.142972
-0.339933
0.113257
-0.553493
-0.018331
-0.449055
1.515739
-0.954024
0.812078
-1.688109
0.368811
0.360135
0.318465
-0.354269
-0.535104
2.980297
-1.098037
-1.655444
0.644672
-0.022811
0.287840
1.204251
1.841246
0.254034
0.588337
1.163821
0.474421
-0.011486
0.047442
-1.695199
-0.208927
0.559249
0.090451
0.378931
1.007218
-0.962482
-0.781743
0.547186
0.050762
0.661038
-3.334167
0.408253
-0.522847
2.492063
0.170974
-0.395785
0.211358
0.045678
-0.232768
-0.232583
-0.339565
0.349479
-0.203707
0.516623
-3.233352
0.900421
1.480186
0.304893
1.327265
0.794516
1.346696
1.054143
0.162202
-1.488680
0.438910
-0.832096
0.905118
0.360917
0.285453
3.111293
0.858831
1.393972
0.683422
0.382044
0.534126
-1.686284
-1.552824
-0.265718
-1.522289
0.648988
0.489458
0.972985
-0.338633
-0.125853
-1.368254
0.362457
0.526357
0.608515
0.556896
-0.055865
1.030224
2.918061
0.200552
0.483183
1.112857
-0.810192
0.859667
0.996146
1.203458
0.105113
0.530194
0.186132
1.293510
1.224151
0.120206
-0.353350
0.528273
0.405471
-0.766158
1.460248
0.209740
1.589299
-0.476800
0.746392
-0.383245
-0.190519
-0.667204
0.383049
0.492818
0.555451
0.465211
0.890138
0.161209
-0.804984
1.180949
0.410388
-0.007463
1.003589
-0.012212
0.701402
0.211461
-3.830298
-0.370986
0.468703
0.524136
-0.091521
0.376212
-1.231898
2.237682
0.894133
-0.049849
0.452915
0.262298
0.057056
0.241378
0.001468
0.897748
0.646748
0.309672
-0.956302
-0.318527
-0.431098
0.694388
4.366840
-0.267815
0.600166
-0.676562
1.205968
0.552832
0.765891
0.142727
1.541511
-0.739244
0.607472
-0.716821
1.021307
1.306177
-0.011781
-0.366419
-0.828185
-0.019698
0.113341
0.118027
-1.650432
0.769822
0.770309
0.098796
-0.046612
-0.156474
0.482804
0.344505
-0.856947
-0.022554
-0.121298
0.580314
-0.212283
0.684597
-0.480398
2.709689
1.016727
0.540158
0.721560
-1.008292
0.015111
1.187686
-0.438891
-3.371375
0.691522
-0.057424
-1.318921
-0.310114
1.437707
0.529266
0.179279
-1.569561
0.986334
-0.261344
1.020711
0.566223
0.081755
0.894182
2.627863
1.001769
3.767958
1.028234
-0.643236
-0.258672
-0.024769
0.360001
-0.114306
0.998407
1.020560
0.698343
0.443254
-0.104510
0.820460
-0.243809
1.313384
0.278799
-0.390732
0.373888
-6.718440
0.832085
0.033107
3.156368
0.925045
-0.169980
1.265635
0.910220
0.942159
0.768670
0.037156
0.951533
0.061481
-0.566106
0.794155
0.849286
0.144697
0.635345
0.807631
0.403404
0.420071
-1.222451
-1.022867
-0.172865
0.036971
-0.024103
0.587154
2.235929
1.661553
0.057880
0.257322
-0.855546
1.243040
-0.320661
0.952486
-0.030133
0.620267
1.826170
-0.224866
0.711239
0.874033
0.971279
-0.683694
0.449391
-1.243545
-0.077779
0.082259
0.976735
0.392124
1.767495
-0.523799
0.098114
0.584798
-2.617806
0.458765
0.231235
1.457500
-0.714867
-0.004244
-0.930701
0.518294
0.000472
0.401097
0.121795
-0.302560
-1.542407
-4.976157
0.433095
0.801154
0.388319
2.317672
1.094884
0.418550
0.317535
-0.493133
-0.050042
-1.031756
0.044934
0.977140
0.591215
0.349542
0.676918
0.282913
0.765226
0.370160
-0.011195
0.598484
0.246516
-0.194969
0.682844
0.907385
-0.180643
0.617084
0.474276
-0.570680
0.582451
0.340585
0.745974
0.163873
1.307018
-0.024311
0.946374
0.097636
1.507600
1.055442
0.642206
0.628379
1.806471
0.664271
0.615309
-2.237231
1.397443
0.532071
-2.006330
0.219180
-0.487006
-0.392575
0.938434
1.789733
0.459930
0.799183
-0.446417
0.752366
-0.273716
-0.104017
0.954105
1.962370
0.576024
1.050000
-0.629872
0.382013
0.854667
0.826295
0.706582
1.542852
0.698163
-0.636708
1.439325
0.726301
0.034635
-0.362953
0.667757
1.134983
2.255046
0.687315
0.429630
0.534300
-0.271231
3.724617
0.989555
0.850678
-0.248923
0.982117
0.387138
0.673564
-0.276941
1.213611
1.329365
-0.071575
-0.240951
0.465820
1.692175
0.809681
0.589657
0.436060
0.702704
-0.161567
0.223756
0.426412
2.590326
0.977550
-0.017124
0.039715
0.398227
-2.122066
1.291675
0.056434
0.900840
0.372642
0.253914
-0.236403
0.528534
0.888290
-0.232887
-0.374533
0.916223
1.318142
-1.595566
-0.012001
1.954650
0.150676
-0.313563
0.314340
1.258100
-0.986632
-0.713757
0.173005
0.984799
0.288152
-1.793216
0.387684
0.365014
-0.219293
0.660767
0.816978
-0.466164
0.954280
-4.162990
-0.006328
0.045879
1.281057
3.527006
0.843976
1.254459
1.425840
-0.407126
0.234048
-0.399635
1.042873
-0.937922
0.577050
0.710704
1.383892
0.092035
-0.759351
-0.152867
0.717782
1.171087
0.915897
0.311891
0.101133
4.986961
0.480800
-0.770406
1.236855
-0.268797
-1.479608
-0.503135
-0.652678
0.514282
0.487676
-0.084652
0.407508
-0.235290
5.258637
-1.805525
0.665357
1.413192
0.561329
0.311468
0.071096
-0.288793
-1.874251
1.044857
-0.119703
0.288190
0.809469
0.049098
-0.268609
0.960425
0.368273
0.014108
-0.374520
0.712285
0.057743
0.083230
-0.947906
0.051560
0.481052
-2.367195
1.387700
1.751200
0.427807
0.558525
0.581653
-0.162447
0.095399
1.331488
-0.475131
0.730211
2.000015
0.164878
-0.921769
3.081469
0.216475
2.985913
0.342337
0.446816
-0.750727
1.568227
-0.229479
0.242699
-0.947057
-0.030511
0.976090
0.076214
1.298023
-1.498497
0.777299
0.189852
0.873071
0.651892
-0.265518
0.622403
-2.986870
2.169620
0.456396
-0.190368
0.604412
-0.372989
-0.505154
1.819974
-1.488783
0.047119
-0.012185
-1.342097
-0.223126
0.067480
-0.193651
0.409955
0.339114
-0.447615
-1.023435
1.147708
2.219943
1.617343
0.694057
1.083491
0.282023
1.039727
0.094169
0.111635
0.462415
0.122208
1.151441
0.265231
3.273609
0.718227
0.634838
-0.153965
-0.404125
0.128711
0.172579
0.518790
-2.086525
-2.970792
1.012868
1.428683
0.078273
0.294069
-0.960952
-0.083497
-0.543123
0.117272
0.603124
1.231129
0.743282
-1.104563
0.083989
10.317243
0.534585
0.116499
0.015192
0.247694
-0.377487
0.098295
0.515203
0.330127
0.295119
0.028627
0.868423
1.047091
-0.751340
-0.979627
-0.146748
0.525642
-0.700449
5.289086
0.879405
0.977682
-0.969587
0.850252
1.083675
0.714075
-0.144686
-0.409936
0.701857
0.458828
-1.023594
0.154389
-0.830688
0.185075
0.127484
-1.239674
0.646745
0.258771
-0.202854
0.393447
-0.617243
1.083165
0.227626
1.225102
0.757345
1.591486
1.334963
0.299316
0.455862
-0.788975
-0.091345
0.580532
-0.115286
0.260597
-0.256168
-3.344860
-0.056052
-0.372278
0.147540
-0.892878
0.821036
-0.057894
-0.887199
-0.843819
-0.832130
0.213975
0.538046
1.032798
-0.234670
0.463526
-0.116769
-0.627984
-2.153171
2.275243
-0.132078
0.950343
0.174174
1.288617
-0.512548
0.542455
0.360670
0.828993
0.540771
-0.117634
0.239547
0.709394
-1.330057
0.044394
-0.089747
0.819493
-0.035939
0.041917
0.234436
0.644058
1.145967
-0.307578
-0.563391
0.537440
2.371099
1.011241
0.088885
0.277815
-0.175858
-0.000244
1.069369
0.466321
0.558396
-1.020676
0.545563
0.184172
-0.065937
-3.417559
-0.424015
-1.285215
0.196280
0.119119
-0.631504
-0.003739
-0.132884
-0.027606
0.221467
-0.131489
0.854611
0.380488
0.255573
1.257204
1.182308
4.098207
0.090940
-0.801329
2.854349
-1.299519
0.841994
1.038660
0.497489
-0.066041
0.238252
0.490406
2.313535
0.519695
1.045372
1.431915
-0.280861
-0.753019
-0.870723
-0.234630
-0.426916
-0.001246
-0.111199
0.853299
0.276191
-0.047403
-1.418757
2.693222
0.599316
0.159716
0.074753
0.262516
-2.075014
0.130897
0.508538
-0.552264
1.686729
-0.403944
0.551376
0.977972
-0.454231
1.282543
0.245196
-0.432386
0.080783
0.539410
2.160902
-2.036022
0.497476
0.497122
1.627206
1.093161
0.266261
0.428086
-0.540366
1.018425
1.488113
0.213881
-0.658908
0.026174
0.278394
-1.157925
0.061720
-0.192770
-0.207409
-0.450680
-0.214194
0.442506
0.780387
2.492213
1.677986
0.196099
0.573255
0.571359
-0.799007
0.734099
0.332425
0.280895
1.878965
-0.040455
0.809979
0.581014
0.733484
-0.328085
1.044573
0.288859
2.512704
1.318252
0.366866
-1.665665
0.324365
0.235500
1.399541
-0.805377
0.466208
1.057079
1.695055
0.683925
-1.924007
0.362198
-0.739011
0.287775
0.615516
0.362917
-5.557137
-0.000807
0.161909
-0.617320
0.852338
2.384838
0.100139
0.023561
-0.002434
0.349732
-1.195304
0.221712
-0.973739
1.687958
1.281948
0.382560
0.327530
1.624657
2.754061
-0.090352
0.596831
0.475489
0.459171
0.073871
-0.483549
-0.131143
0.371194
-1.273283
0.498354
-0.728233
0.503545
-0.258208
1.255240
0.393897
-0.521473
1.444943
-1.032135
1.227530
0.130712
0.749690
0.662195
1.847801
0.427638
-0.150240
-0.768050
1.114783
-0.978723
1.345025
0.134332
0.661303
1.753740
0.609428
-0.055266
1.166645
0.194035
0.319569
0.184358
-1.177069
-0.013708
-0.132760
0.248417
0.622202
0.997088
0.169424
-2.119004
0.397971
0.089495
0.167663
0.411361
1.835911
0.073894
-0.393531
0.224679
0.486238
0.342716
1.299463
0.063913
1.205705
0.110937
1.170881
-0.000683
-0.413146
0.266311
-3.011988
2.709960
0.487307
0.326976
0.607245
-0.653898
0.480190
-0.545497
-0.197117
0.543833
0.819949
0.093557
2.857689
0.807572
0.784844
-0.445119
-0.198330
-0.618026
0.191960
0.440861
0.585183
1.558284
0.532303
-0.547442
-0.076250
0.066237
0.939812
0.152819
1.188306
1.194241
0.948817
0.293618
-0.097829
-0.524280
-19.701532
0.932092
-0.301961
0.138267
0.005233
0.102627
-0.984218
0.531607
1.130639
-0.265161
0.398109
-0.133227
-0.182996
0.737948
0.772313
-0.238165
0.361244
-1.105224
-0.782506
-0.220169
0.692205
0.648891
-0.614247
0.649968
-2.040134
4.783911
0.058563
0.306027
0.369695
1.907248
0.421763
-0.896336
-1.082381
-0.482952
-0.416270
0.178627
0.511112
0.602551
0.577251
-0.276918
0.178356
-1.925753
0.253516
0.488975
0.369701
0.752350
1.379537
0.426047
0.777747
-3.639197
-0.164209
0.966152
0.753894
0.457888
-0.757876
1.270020
-0.066854
0.825765
-1.370447
0.611176
0.527962
0.923222
0.044056
0.238930
-0.295534
0.916291
0.367455
0.715143
-0.492305
-0.210268
0.005056
0.930552
3.284406
0.826391
0.758241
-0.481960
0.377397
1.243309
1.356033
1.411787
0.051504
-0.520491
-0.547563
-1.877051
0.783277
0.273041
-0.839659
2.156848
-0.292340
-0.552777
-0.076197
-0.979866
1.112908
2.120642
-1.616224
-0.507155
0.051288
0.886514
0.860534
-0.472431
0.546214
-1.755186
-0.266237
1.532915
0.462885
1.184380
0.712564
-0.839555
-0.576662
-0.480268
-0.066374
0.091212
3.164544
1.888426
-0.758006
-3.404270
1.997377
0.587517
-0.705778
-1.391615
0.372203
0.095591
-1.845734
0.512494
0.068538
0.807394
-0.285818
1.845162
0.657985
-0.248844
0.093029
0.322525
1.019790
1.084857
0.221272
-0.892445
2.116920
-1.075813
-0.062572
1.018537
0.627872
-0.413981
-1.681323
0.216415
0.381019
0.728145
0.315244
-0.142429
0.562500
-0.440432
-0.241999
0.690893
0.041228
-0.044706
0.369239
-0.561774
-0.109662
-0.238421
0.144407
-0.853764
0.057774
0.408803
-3.155437
0.822416
0.458112
0.815832
-3.788029
2.425452
0.354583
1.807105
-0.521909
-0.000625
-0.791414
0.444882
-0.764117
0.640521
0.523173
-3.051044
0.376655
2.054574
0.826773
0.163132
0.938168
-1.119514
1.347913
0.188470
0.145998
0.105440
1.427324
0.245398
0.275160
-0.297400
-0.107259
0.415655
0.240191
1.499534
0.926570
2.223612
-0.138253
0.204056
0.187787
0.420121
0.686905
0.522366
0.430810
0.341020
-0.355435
0.025279
0.949389
0.961486
-1.542930
-0.087912
0.257731
0.331535
0.267321
-0.354100
-0.251920
0.887130
-0.493205
0.323016
-0.767598
1.238509
-1.130275
0.361637
-0.465480
-0.242114
-1.831171
0.154133
1.414853
0.762028
-0.724603
1.209529
-0.396499
-0.719492
0.956670
4.653475
0.654611
1.601442
0.550525
-1.007061
0.319069
0.178295
6.867579
0.709556
-0.175048
-0.580040
0.788176
-1.090086
0.708547
0.092017
-0.044644
1.115474
0.085627
-0.329175
0.168910
4.717181
-0.022303
-0.056452
-0.874558
0.184129
-1.937828
1.427588
0.528661
-5.805782
1.040333
1.077401
0.352396
0.237144
-1.839390
1.952651
-1.231450
0.006323
-0.045521
-0.342788
0.304947
0.096951
3.543160
0.824637
0.026382
1.096746
0.604280
0.408105
1.315348
0.278335
0.893051
-0.041202
0.166601
1.284755
0.427978
-2.143778
0.905191
-0.585135
-0.398781
0.644756
0.432732
0.796545
0.770073
-1.790401
0.168238
1.150395
-1.098139
-0.840457
0.859724
0.582887
-0.125143
-0.053704
-6.078065
0.910265
-1.472638
-1.365554
-0.054075
0.368693
-0.605359
1.474105
0.282427
0.738696
0.420201
0.236517
-0.382936
-0.531010
-2.003683
0.844032
-0.540254
-0.176072
0.963295
0.502414
0.309074
0.312658
0.919682
0.194385
1.834047
-0.612561
0.295158
0.077166
-0.947135
0.099879
0.142669
0.769032
-0.769287
0.830312
0.073094
0.156502
-0.439053
0.249435
-0.055039
0.042372
0.825998
0.821899
0.013402
0.038511
-0.275854
0.981978
0.091308
0.783259
0.674213
0.325608
0.399029
-0.592135
-2.398514
1.207620
0.727034
0.353053
1.060673
0.088643
0.657962
0.911677
-0.335587
-0.556499
-0.839890
0.158373
0.648255
-0.014094
-0.015631
0.887540
0.381803
-0.014850
0.139928
0.234881
1.285659
0.064921
-0.718897
0.801345
-1.205542
0.334684
-0.568979
0.797588
1.045197
0.892201
-0.164283
0.476005
-0.285628
-0.433475
-0.413367
-0.512170
-0.147344
-2.424395
-0.240844
-0.778426
-0.301998
-0.848238
0.751876
-0.607606
-0.519668
0.686861
-0.229212
0.746174
1.155470
-0.208574
0.395848
0.161820
-1.498714
1.028972
0.140190
1.296605
0.469164
0.836671
-0.401056
0.136571
-0.344990
-0.183502
0.771191
0.055147
1.705233
0.745029
0.160138
1.290105
3.704121
-0.544972
-0.441996
0.312661
-0.984109
0.886002
2.204612
-0.819335
1.195050
0.936391
3.326409
-0.543759
-0.209582
-0.840530
0.027661
0.418324
-0.791610
0.630751
0.585287
1.170525
0.742434
2.019462
-0.777705
0.697517
1.226597
0.469484
-1.035204
0.888701
1.792473
-1.000402
0.079889
-1.430224
0.830673
0.637579
0.564326
0.224613
1.096286
0.364882
0.177890
0.976674
0.951826
0.230223
0.780359
1.382173
-0.539468
0.576412
0.269598
1.072429
-3.669893
-0.404945
0.478391
0.245002
-0.724801
0.547760
-0.076323
1.634797
-0.491800
0.909955
1.053535
0.656202
2.357069
0.777985
0.796462
0.431990
0.702212
-0.439688
-0.645163
0.548441
1.009046
-0.515540
0.703793
0.221898
0.214182
0.399346
-0.642286
1.393882
0.119379
-0.371537
0.794884
-1.142517
0.726826
0.860464
0.268790
1.293076
-3.218791
-8.693250
0.180767
0.126286
-0.543736
-0.227695
0.238834
-0.054541
0.041336
1.068450
0.845156
0.383638
-0.247358
0.524680
-0.173564
0.228572
2.145813
-1.753925
-1.336012
-0.787901
0.628123
0.691259
0.635950
0.385382
0.103630
-1.503353
-0.612981
2.263521
0.654441
0.647804
0.683908
2.205025
1.979174
0.942389
-0.113178
-0.792603
-0.514840
-0.628383
-0.806913
0.146860
-0.402720
0.018790
1.019193
0.512425
0.273432
0.641390
0.560209
-1.325352
-0.082206
0.148414
0.402712
0.669280
-0.201820
-0.300283
-1.083323
0.404832
1.467373
1.037257
-1.429473
-0.029551
0.533459
0.133873
-0.162328
0.515892
0.262936
0.019759
0.941390
0.786229
0.945964
0.450878
0.745522
0.173115
-0.207108
0.624267
-0.567474
0.751743
0.329610
0.464137
0.144683
-1.058244
0.268498
0.816112
-0.076608
0.533529
0.890525
-3.100440
0.906660
-0.806296
0.074537
-3.662669
-1.259486
0.699774
0.645035
0.645349
1.180456
0.611449
0.031554
0.795982
-0.337308
-0.030114
1.086016
0.686837
0.435778
0.269897
-0.805442
-0.166771
-0.909737
0.172071
-0.460543
1.721935
0.075860
1.555165
0.448982
-0.512833
-1.007096
1.001700
0.585729
0.359007
0.139080
0.599162
3.030363
-0.494935
0.827947
-0.232874
-0.483266
-0.064235
0.227929
-0.072951
0.335702
0.186617
-0.188982
-0.342121
1.121697
-0.115540
1.361940
0.834334
0.983688
0.447378
2.163932
1.276674
0.804148
-2.416454
0.280086
1.187875
-0.179395
-0.125751
1.323728
0.728746
-2.926396
-0.517988
-0.089368
0.584882
-0.219882
1.874196
-0.811024
-0.191287
-0.082931
-0.021339
1.541783
0.401455
2.087452
0.062670
-0.395194
0.591188
1.711329
-0.110285
-0.498165
0.189438
0.249977
0.959100
0.848115
-0.856640
1.133157
0.730621
0.855189
0.915673
0.531318
0.323585
0.128539
3.023743
1.118004
0.146104
1.287148
0.269680
0.030802
0.125199
-0.580332
1.756890
-0.159460
0.281116
0.104532
-0.022671
0.184516
1.600017
0.284317
0.342059
-0.445601
-0.118161
1.217824
0.851842
1.256591
0.434942
2.016053
0.189142
1.500985
0.938914
0.569419
-0.761416
0.973157
-0.396246
-1.859900
2.094939
0.207358
0.004934
0.293904
0.320258
2.415326
0.736227
-0.251972
-0.515118
1.212337
-0.275727
2.152460
1.333405
0.455581
0.928876
0.049987
0.583331
1.983468
-0.008283
0.159858
0.144438
0.490229
0.263875
0.723646
0.698569
-2.288375
3.363008
0.221933
0.105139
0.616594
-0.625210
0.891056
0.274273
1.393899
-0.016481
-0.345586
1.219796
-0.339344
0.202211
0.315526
0.979512
0.024397
0.197188
0.055865
0.227435
1.941666
-2.799612
-0.050080
0.568858
0.873238
0.795482
0.094455
0.477033
1.666377
-4.431548
0.814760
0.359504
0.665180
0.414275
0.345492
-0.328886
0.167918
-0.085073
0.721726
3.540658
-1.238268
0.662083
0.153771
-1.829827
0.872379
0.520998
-0.889685
0.473248
0.444575
0.236188
0.790635
0.086043
0.814186
-0.528442
-0.938095
-0.007793
0.335909
-0.561959
1.340234
0.004764
1.608914
0.502050
1.468729
-3.911034
0.077163
0.705592
-0.178065
-0.495196
0.437159
1.341608
-0.782467
-0.743489
-1.006807
-0.169320
-0.242565
0.583416
-7.636352
0.165194
0.792794
0.290267
0.427909
0.102417
0.132109
1.032636
0.571573
1.830117
-0.668646
0.460702
0.347206
2.592837
0.481012
0.427181
-0.878010
-0.251252
0.299223
0.222554
0.506640
-0.585108
0.422291
1.118088
1.099064
-0.205048
0.171276
-0.064607
0.364782
2.001259
0.267579
0.827550
0.533058
2.492184
-0.221177
-1.134313
0.374516
3.202284
0.731438
-0.005351
0.677653
0.353033
-7.411570
-2.567053
-0.440365
0.222338
0.690982
0.049416
-0.079725
0.375782
-0.314383
1.091991
-0.587919
-0.145943
-0.574620
2.643201
-0.259715
0.912011
0.933523
0.247745
0.655965
0.286472
-0.833185
0.692744
0.423615
0.602419
0.195730
-0.034991
2.364626
0.039931
1.149985
1.112647
0.300367
0.346131
0.013598
0.823403
0.758039
1.270196
0.046291
1.732673
0.542563
0.221466
-0.862317
4.446763
0.732597
0.808099
0.737700
2.145616
0.198482
-0.575989
0.122072
0.821106
2.676831
-0.019294
1.383191
0.994692
1.621530
1.525821
-0.725872
0.061117
0.788532
-0.511793
0.594991
0.178179
-0.295702
1.009218
0.330968
1.229104
-0.279945
0.520029
-0.518159
0.020936
-0.857526
-3.743895
0.759144
-0.104950
-0.326619
0.440852
0.516595
0.684883
0.893444
0.224502
3.435904
-0.079345
-0.454616
-0.387273
-3.164255
0.447048
0.132062
0.079202
0.169360
1.588043
0.716336
0.492566
-0.007981
0.372424
0.064210
-0.325439
-0.039190
0.991991
0.244112
1.019223
0.471045
-2.124210
0.810958
0.666261
1.298784
0.313566
-0.515740
-0.051440
0.380213
0.062820
0.580127
0.656821
-0.104735
2.276271
0.343435
-0.168779
2.128786
0.478620
-0.047807
1.219262
0.109893
0.890183
2.010126
0.173876
0.318013
-0.043566
0.343494
0.010841
-2.660619
0.879338
-0.082152
0.417350
0.232798
-0.694180
-0.027739
0.355784
-0.290112
0.211621
1.590969
0.286682
1.358536
0.829608
0.558192
0.430490
0.389358
0.938705
0.477157
-1.257295
0.683873
0.861711
-0.045601
-0.415105
0.106189
-0.383138
0.351537
-0.233681
-0.086248
0.049745
-0.095484
0.098552
-3.407508
0.316582
1.057755
-0.890005
0.473680
0.076759
-1.048022
1.228808
-0.000322
2.015585
0.419065
0.067813
-1.626406
0.065900
0.166265
0.328060
2.271357
0.568416
0.356857
-0.290992
0.832884
0.612751
-1.146945
36.806668
0.295231
0.336823
1.195074
-0.080096
-0.319547
1.054783
-1.340985
0.682680
2.234667
4.767414
-0.647883
0.009648
1.196955
0.140309
1.217580
0.933373
-0.345778
-0.029943
0.274699
1.602103
-0.218223
-0.451577
0.376857
0.304671
-0.211406
-0.377713
0.425033
-0.356471
1.083070
1.119724
0.886903
0.802798
0.639192
0.776346
0.929746
0.007700
0.082370
-0.554165
-0.154390
1.104626
1.180305
-0.113853
-0.793201
0.838414
0.637860
0.198503
-2.762446
-0.066499
0.173134
0.159502
0.002876
-0.764702
1.187377
0.160493
-0.366765
-0.633792
-1.097525
0.416654
1.139700
1.330752
2.694656
-0.257465
-0.038467
0.110676
-0.637207
0.005158
1.332004
0.407645
0.702530
0.110452
0.502196
-0.115892
0.277725
0.318599
-0.105395
0.930867
-0.206403
0.452479
0.041923
-2.582034
0.688262
-0.168871
-0.533078
0.957182
-1.020760
0.040159
2.162455
0.776770
1.567864
2.016645
-0.102105
0.184146
0.565367
1.030601
0.845547
4.329397
0.560635
1.333250
0.260656
0.345921
-0.516330
0.659530
1.559635
0.820884
0.240747
-1.850648
0.782993
0.078264
0.200843
0.510085
1.478617
0.019253
-0.462504
0.542678
0.639408
0.223845
0.022675
0.159563
-0.842025
0.123578
-0.907934
-0.047801
-0.091411
0.873087
1.104985
0.118435
0.175531
0.876694
0.720501
1.549740
2.266864
-0.194251
0.455649
-0.471299
-3.047504
1.835604
0.919482
0.198374
0.310544
-0.257756
0.198632
-1.137454
-0.750441
0.031881
-0.050720
-0.129725
0.359509
0.305168
0.386572
-0.266702
0.873576
-0.369380
-0.058059
0.147665
1.303046
-0.758439
0.911106
1.402394
0.587928
0.394761
-2.720081
0.496297
0.285561
-0.565842
-0.012619
0.597547
0.396446
0.199482
0.040661
3.290176
2.642347
0.515517
-0.048737
1.127820
0.431271
-0.204651
-0.230773
-1.044045
0.013640
1.615601
0.144911
-1.657861
1.233130
-0.471107
-2.231728
0.396587
0.461452
-0.191556
0.333761
-0.033437
0.361582
-5.760427
0.380640
0.449870
-0.713048
0.727374
0.389163
0.675789
0.327073
0.546153
1.079244
1.829691
1.488228
0.131291
0.364680
-0.386242
0.012365
2.071229
-0.157709
-0.004317
0.132819
2.627033
0.093630
0.517550
1.535011
2.380219
0.407233
0.275148
1.362371
-0.353641
1.303351
-2.855033
0.353177
1.574269
-0.494083
1.204068
1.332711
1.892650
-0.040887
1.383158
-0.324268
0.237062
9.227435
1.019544
0.272339
-0.024544
0.200131
-0.522243
-0.173880
-0.507887
4.730212
-0.232731
0.827145
-0.341146
-0.461010
1.715551
-0.624515
0.563271
0.240337
0.790521
0.291105
0.033845
0.931948
0.833120
-0.174624
1.107009
2.640001
-0.643813
1.276341
0.762193
3.504496
-0.192869
0.730119
0.503152
1.165557
1.230488
0.437539
0.351635
-0.421983
0.754564
0.187778
0.410237
-0.248401
-0.344000
-0.476990
-0.916718
-0.189426
0.804165
-0.353304
0.901209
0.600816
0.148554
-0.832042
0.494815
0.567269
-0.460797
0.812435
-0.246097
0.543374
0.831261
-0.109180
-0.089393
0.716444
1.076299
-0.376265
0.289203
0.856987
0.297094
1.241817
0.589601
-0.021386
0.730980
-0.470654
1.950347
0.336777
0.553935
0.082391
0.669671
-0.369542
-0.490146
-0.367591
0.118532
0.525983
-0.320204
-2.499116
-2.272683
-0.371585
-0.122670
-1.015560
3.982947
-0.581757
1.780616
-0.769990
-4.750619
0.323452
-0.214465
0.323677
0.086010
0.388368
-0.270291
-3.145732
-1.309032
0.200303
2.890131
0.031689
0.113557
0.064275
0.248110
1.405486
0.351453
1.491728
0.405499
-0.145236
-0.110317
0.224762
0.729909
-0.916393
0.545109
0.683980
-0.216046
-1.658691
0.238210
0.677688
0.675097
-0.047578
0.400636
-0.148603
0.894247
-0.996665
-0.985933
0.609326
0.256226
-0.313499
-0.356686
0.616183
7.945144
-0.147473
0.655130
0.468057
-1.481215
-1.661889
-0.403102
1.129433
-0.099525
0.521226
1.123503
2.914550
0.037944
1.959873
0.347802
-0.067926
-3.185781
0.390917
0.219143
0.206782
2.044616
1.448976
1.224374
-0.586186
1.078202
0.609156
0.410348
0.698542
1.172867
1.676251
0.186504
0.205019
1.274727
-0.048266
-0.098883
0.380048
0.217064
-0.145261
0.732191
0.402704
-2.664034
0.328758
-0.552528
-0.834187
-0.645611
0.251789
0.961686
1.093861
-0.304517
0.833350
1.022540
-0.105143
-1.479831
-0.576448
0.537435
-0.194816
1.658590
0.481503
-0.176510
-3.389963
0.853635
0.952836
0.006707
-3.824974
2.257420
0.653679
0.035097
0.972909
-1.131419
0.448739
0.554750
-0.344845
2.375643
2.516808
2.535549
-4.259497
1.193609
0.284473
0.020844
0.537147
0.846845
-1.970698
-0.044420
-0.999168
0.076829
0.298218
-0.091652
-0.171998
3.076524
0.672732
-1.404123
0.311231
0.489158
-1.664401
-0.865203
0.727661
-0.238286
0.801565
0.418155
-0.028678
0.156454
0.090898
-3.328848
-3.155455
0.901138
0.937170
-0.069763
1.525918
-0.435143
0.022748
0.283976
0.077888
0.152152
1.150833
-0.442716
0.100039
-0.099347
-0.044809
0.103186
-0.151985
0.265025
0.692951
-0.176383
-0.411574
0.073114
-0.183895
0.854675
0.410276
0.158941
0.082338
0.504369
0.139424
-2.000066
1.023185
0.360307
0.746077
1.617271
-0.011604
-1.304228
-0.212085
0.458239
1.386671
0.342936
0.709795
0.542732
0.215766
0.059597
0.100504
2.022178
1.132349
0.949543
0.667324
-0.418498
0.516070
0.525881
-2.770514
-0.702337
0.731589
0.830431
0.103336
1.305192
0.699570
-1.190884
2.937491
0.153021
0.350151
0.879602
1.028143
0.102190
-0.797388
0.668374
-1.277159
-0.002909
0.911973
0.711697
-2.373594
0.205380
0.290978
1.090239
0.933108
-0.315500
1.145336
0.820302
-2.124718
0.573233
0.575882
0.715395
0.972140
0.037895
-0.325596
0.184579
1.104957
-0.124254
0.030371
0.210392
0.685793
0.674614
0.268239
0.845794
0.950045
2.232047
-0.010277
-0.184159
2.139714
-0.066015
0.101133
3.557881
-0.003461
0.747999
0.891717
0.450887
1.376517
-0.500819
0.465886
0.101802
0.129034
0.734239
0.088982
-0.125902
-0.424807
0.475566
1.670650
1.620945
0.443211
0.214963
0.085405
1.761687
-3.078700
0.806682
-0.035312
-0.549316
0.690848
1.652051
1.257600
1.068210
1.245063
0.165057
-0.134786
0.022199
0.337429
-0.852405
-0.280751
-0.076622
0.767617
-1.117142
0.452431
1.045865
-0.996522
-0.600186
0.395940
0.215062
1.069583
0.595290
0.902422
0.653727
0.372844
0.407778
0.695761
-3.158073
0.581287
0.099669
0.590906
-0.883591
0.579522
0.418898
-0.271021
0.229403
0.749645
0.289533
0.041569
0.705164
-0.766932
0.406299
0.801773
0.125931
-0.311763
0.965696
0.179658
0.059403
0.797584
-0.065117
-0.013482
1.173787
0.609830
-0.214778
-0.283060
0.920034
0.903259
1.642009
0.479604
0.132756
-0.103926
0.440644
0.836681
0.019011
0.371036
0.445041
0.771880
0.306684
1.749613
-0.714546
0.644113
0.122342
-0.112683
-0.200231
-4.712984
0.467264
1.279820
0.792711
0.352095
0.746612
-0.449519
1.071594
0.434638
0.826960
0.503245
-2.408331
0.440740
0.000424
0.273823
0.420140
0.432663
-2.520063
0.322037
-0.756956
0.175046
0.158262
0.291146
0.014775
0.842485
1.423482
-2.010408
1.064250
0.264660
0.177930
-0.288981
0.294038
0.737431
-1.182808
-0.009521
-0.739635
0.683429
-0.029354
0.818002
1.690957
0.121847
2.012540
1.944723
0.758428
-0.409524
1.169340
2.515793
-2.446914
0.209249
0.768811
0.812275
0.586647
1.027534
0.993486
-0.717660
-0.076114
1.106268
0.788325
0.557482
0.653305
-0.766387
-0.593286
-1.262692
0.173737
0.551034
0.143429
0.257476
-0.606483
0.658289
2.713800
-0.244222
0.583466
0.953627
-0.006461
-0.352855
-0.425353
0.455200
1.914955
0.052048
1.741004
0.592109
0.250088
-2.602747
-3.375384
-3.394995
0.305488
-0.280322
2.475580
-0.795380
-1.914863
1.150793
0.680229
0.396516
1.240909
0.183676
0.491262
1.355446
-1.057867
0.751415
-0.433598
1.048595
-0.420030
-0.201451
-0.368317
0.610977
1.251246
-0.347682
0.171019
-0.084394
0.594940
-0.133696
1.736085
0.395168
1.504599
-1.111350
0.545096
-0.190569
2.355467
-0.487539
0.061028
-0.463192
0.188556
0.457083
0.337623
-0.109410
0.475687
-0.593928
0.822869
0.478324
-0.479868
-0.347085
-0.052904
0.072955
1.207740
-0.497264
0.138529
1.436635
-0.832173
-0.153389
-1.216911
0.237417
1.403708
0.599615
-2.923678
0.790670
-0.211338
0.372700
-0.208500
0.152121
-2.075524
-0.036062
1.114202
4.253440
0.397632
-0.416584
0.755783
0.216168
1.223565
0.818521
0.162877
1.426085
-0.219996
0.870749
0.400922
0.011618
-0.023226
0.250552
-0.319283
0.957843
0.383777
-2.580851
-0.595457
0.053623
-1.573946
-4.173957
0.253668
0.980032
-0.164675
0.117539
-0.688757
0.737434
-0.262628
-0.569292
-0.468826
3.823433
0.569789
0.021479
1.125466
0.422310
-0.006844
-0.568333
-0.046927
-2.300982
0.866539
0.147091
0.888102
-1.657412
1.083735
0.913184
1.017287
0.963345
-0.002002
-0.138412
-0.583638
0.960924
-0.214900
-0.343023
0.468579
0.311100
1.115627
-0.385712
-0.095878
0.390276
-0.459030
0.515005
0.106463
0.439931
0.281100
1.836322
2.976441
2.523332
0.670886
1.477440
0.507115
0.843305
0.384909
0.022524
1.058323
1.041675
-0.379761
-1.537140
-0.040823
-0.143606
-0.519615
1.012945
0.958715
-0.057242
0.477474
0.919072
0.260931
-0.565817
2.633932
0.619900
0.679981
0.218001
0.022621
0.108154
0.256826
0.162449
1.200262
-0.931527
0.839479
1.025073
0.334563
-0.594775
1.332562
0.093910
0.688468
-0.343154
0.135429
-0.690991
-0.009834
0.714463
0.940652
0.343079
0.288447
1.114502
0.071495
2.531807
0.677169
0.577795
1.345036
0.395343
-0.420063
-0.340495
0.404182
0.781335
0.175494
0.034375
0.313298
1.445333
-0.744274
-2.917579
-0.716423
0.927732
0.545309
2.853368
1.088927
0.131027
0.108981
-0.443589
0.356519
1.317631
1.006591
0.088898
-0.187130
1.396193
-0.138906
-0.494926
0.575418
0.716924
1.155221
1.339984
1.018283
0.751244
0.129179
-0.373920
-0.088180
-1.721001
-0.559783
0.049375
-0.686098
0.885251
2.461664
0.071240
1.704397
-3.636533
-0.508081
1.391183
0.914099
0.263993
0.229877
0.105424
0.363067
-0.147033
-0.027479
0.813287
1.193739
3.537788
10.211519
-0.299094
-0.723152
0.681811
-0.930939
2.347688
0.417997
1.020723
0.555556
0.307714
0.713799
1.427374
0.574266
-0.660418
-0.421341
0.911602
-2.928605
0.207675
-0.228563
1.217305
-0.261571
-0.319123
-1.563378
-3.075633
0.211148
0.583829
-0.628231
-0.044179
-0.397644
-0.723373
-0.188639
1.933704
0.151592
-0.659881
0.074731
0.382312
0.018635
0.996728
0.054937
-2.115649
-0.028957
0.390050
-0.045725
0.991383
0.083831
2.182638
0.181969
0.006576
-0.266879
1.176654
1.776282
-0.090092
0.508597
1.338181
1.089220
-0.268334
-0.380896
0.182777
0.771554
0.469514
0.575504
1.281695
0.644486
-0.150935
0.535694
0.987920
-1.435967
-0.368242
0.019434
1.158014
-0.259887
-0.282211
0.779868
0.174455
-0.576017
0.749644
0.221202
1.179706
1.326508
-0.637760
0.046734
-0.408628
0.168772
1.188489
-0.293148
0.192437
0.884849
1.316084
0.697840
-2.498058
0.428635
0.396492
0.727811
0.308232
1.541077
1.324771
0.495161
-0.448850
-0.115109
1.067919
0.902626
0.003821
1.290906
-0.069634
-0.278618
-1.196544
0.359997
-0.129165
2.196171
0.140304
0.340526
-0.744912
0.512736
-0.671537
-0.733069
-0.212174
-0.146412
1.129273
0.003010
0.058652
1.301348
-0.178392
0.119860
-0.355079
0.763081
0.745699
0.473847
-0.304900
0.849411
0.509617
1.330097
-0.577194
0.316763
0.137669
0.953458
0.260877
-0.561681
0.334565
2.279308
-1.118660
-0.954136
0.643691
0.433331
-0.317397
2.327501
0.527643
0.089092
0.491153
0.473402
1.455966
-0.260436
0.173336
0.602763
0.675178
0.424372
0.100102
-0.739514
0.614841
0.648098
0.028907
-0.282642
-0.161040
0.706205
0.012038
0.393647
0.487985
-0.793188
1.714900
0.881702
-0.023381
1.541819
-0.658440
0.658603
-0.941697
0.475537
1.202466
0.310405
1.880585
0.587266
1.455418
0.524047
1.112565
0.768738
-0.443604
-0.502998
1.998675
0.451973
-0.959566
0.109845
0.641380
1.341166
0.353422
-0.605762
0.278303
-0.108031
0.547606
0.423020
1.319924
0.315036
0.523031
-0.100376
0.962264
0.160285
-0.788900
0.651256
0.700830
1.067111
-0.357565
0.719065
0.861500
0.060126
1.136197
-0.026759
1.131494
0.171395
-0.596323
0.343962
0.792489
-0.759723
0.785511
1.503464
-0.446400
0.045951
-0.193030
-0.382883
1.228139
7.604623
-0.107569
1.643266
-0.496623
0.546944
0.321213
0.198108
0.398272
0.401160
0.588692
0.155723
0.217606
-0.292030
-1.135809
0.530757
1.463833
0.518929
0.577119
-1.247385
-0.233839
0.075956
0.818113
1.023949
1.644176
0.197830
0.541224
0.429544
-0.116396
0.113769
0.899224
-2.025178
0.481375
-0.189787
0.680825
0.254651
1.395305
0.425652
1.218231
-0.040922
0.734275
-0.253653
1.940743
-0.338207
0.102136
0.564037
0.210155
0.353841
-0.779779
1.282969
1.205655
0.038526
0.877097
-1.405786
0.598917
0.265995
0.044353
-0.098089
-0.064328
1.207547
-0.206341
-0.985370
0.866600
0.905669
1.196007
1.008809
1.015319
-5.603785
0.716964
-3.266709
0.779294
-1.491285
1.418643
0.084378
-0.674130
0.957660
0.131560
0.545281
0.324008
1.276377
-0.027349
-0.779531
0.682870
0.475152
0.366797
0.986043
-0.156152
0.400412
-0.194074
0.065766
0.190463
-1.057651
0.573899
1.184406
0.662076
-0.534451
-1.518282
1.534191
1.503380
0.333405
0.637992
0.242395
0.802387
-0.360391
0.080722
-1.061311
-0.009756
-0.310972
0.116268
-0.322208
0.236254
0.340138
-0.101478
-1.314737
-0.225154
0.646368
-0.007565
0.442988
0.099087
-0.808479
0.155585
0.623988
-0.161310
0.126523
0.304385
2.080190
0.184693
0.453345
0.216457
1.776508
0.527376
-0.335103
0.356559
1.123593
1.542202
-0.354444
1.656969
-0.753728
0.226424
0.390525
1.163897
1.279693
0.061626
0.099090
0.034070
0.622270
0.101828
1.499569
1.242063
0.159617
0.032444
0.243055
0.754478
0.958864
0.074425
1.203423
0.390624
-0.084025
3.086160
-0.926679
-0.324155
-1.216278
1.299597
0.312027
0.108688
0.076553
0.064497
-0.460293
1.044961
-0.150041
-0.594966
-4.463435
0.085823
0.328571
-0.433986
-0.345499
4.976462
0.305308
-0.407331
1.297017
-0.347377
-0.377700
1.014036
0.278571
1.365631
-0.709656
-0.104091
0.638715
1.658905
-0.817804
0.514605
0.184563
0.639043
-0.164364
1.301075
0.792603
0.669745
0.698393
1.075396
-0.363056
2.821893
-3.282380
-0.638241
0.878094
0.697111
-0.087358
2.148296
1.246172
0.905398
-0.560425
2.187841
0.370794
-0.912501
0.793577
-0.417040
1.398460
0.891441
1.677514
0.508511
2.870928
0.156850
1.681093
-0.289396
2.538189
-0.405301
0.362131
0.986820
1.355612
2.907128
0.140436
0.157353
-0.367006
-0.457711
0.513222
-1.247937
-0.103016
0.057177
0.339664
0.197830
1.308936
0.285016
0.449418
-6.571731
1.470181
0.493559
0.522255
-1.655860
0.039221
0.815936
-0.094938
-0.056764
-0.427146
0.180817
-0.358357
0.651894
0.198235
0.813305
0.540872
1.019270
0.470581
0.566464
-0.005752
0.733376
0.263025
0.362339
-0.060043
-0.542931
0.800811
-0.220727
-0.391497
-1.454185
-0.321143
2.454267
1.061739
1.580967
0.261579
-0.705811
0.338987
0.178196
0.182242
-0.043350
2.267033
-0.258676
0.724031
0.193917
1.172535
0.181735
-0.041059
-0.990051
-1.923615
1.206539
1.274559
0.717302
0.412486
0.647629
0.338434
0.798665
0.957496
1.049097
0.624737
1.324003
0.924269
1.043131
5.048226
1.063525
0.258119
-0.069145
0.392786
0.539617
1.140119
0.469351
0.491635
1.311837
0.311506
-0.559533
0.990261
-0.208634
2.701421
-3.249509
-0.878742
-0.085775
0.133732
0.313082
0.716522
-1.174480
0.598697
-1.653324
0.502433
1.253511
0.638082
0.687381
0.269814
-0.955609
0.406355
1.117039
2.550911
0.522067
0.962655
0.136595
0.454015
0.580023
0.731828
1.129690
0.196069
-1.735057
0.555212
1.371853
0.462481
-2.884781
0.675373
0.182853
0.255328
-1.170035
-0.727030
0.070443
0.903108
0.233229
1.049937
2.074152
-0.504423
0.769644
-0.271229
-1.069392
0.390573
0.234703
-0.012628
-1.201901
0.667087
0.457781
0.156759
2.034934
0.291480
0.996517
0.371626
0.572079
0.274682
1.000190
-0.132028
0.945568
0.775181
-0.798652
0.485598
0.162199
-0.159883
1.636178
0.503604
-0.180959
1.405407
0.208962
-0.420345
0.303568
-0.347160
1.252321
-0.852844
0.588102
1.613368
0.556990
0.309515
-0.973523
-0.846920
0.178531
1.107888
1.800864
1.059590
-0.112343
0.215900
0.527445
1.273139
0.370070
0.008188
0.496218
1.504532
0.133573
0.667405
-0.209037
-1.366146
-0.740336
1.869220
0.293530
0.048721
0.241609
0.597637
0.715503
-0.567439
0.608209
0.034656
-1.227130
0.854213
1.189930
-1.767357
0.908174
1.129745
0.304870
-0.139051
-0.762554
0.044498
0.059720
-0.306010
-4.541165
0.014145
-2.199856
-1.091868
0.262475
0.096901
0.459833
0.863684
-2.311722
-1.176759
1.048972
-0.045880
0.626228
-0.152211
-1.026979
0.697719
0.577255
0.101670
0.512964
0.069149
-0.480589
-1.106948
0.539857
1.283543
-1.196395
-0.249235
-0.067110
0.241710
-0.073962
-2.667681
-0.827155
0.294394
0.246569
0.477390
0.843009
0.081574
0.087472
-0.024402
5.128460
4.587591
0.411704
-0.431409
2.061106
-0.309355
0.686172
-0.070612
0.564891
0.257320
-0.698784
-0.558401
-0.439991
0.235800
0.379335
1.058766
-0.206382
0.378131
0.678442
0.053072
1.276266
2.120141
-0.222499
-0.578153
-0.904388
0.116286
0.940033
0.792337
0.774131
0.431604
-0.467273
-0.060620
-0.651839
1.553827
-0.127595
-0.814399
-0.628805
-0.413322
1.155820
-5.540593
0.539296
0.333731
0.040039
0.381787
-0.117952
14.467233
0.006774
-1.784294
1.079764
0.767252
-0.483002
-0.067315
-0.521388
0.430588
-0.790980
0.495596
0.212332
0.198892
0.964946
0.535881
-0.399980
-0.078249
1.770407
0.097905
-1.085512
0.829168
1.321989
0.517668
0.575075
0.117269
1.015920
-0.808565
0.325174
-0.260330
-0.753421
1.045208
1.366283
0.109582
1.518304
-0.053486
0.823604
0.999808
0.489940
0.206451
0.929200
0.907465
0.328210
-10.832419
0.395604
0.673757
1.175181
-0.080288
-0.061667
-0.469278
-0.520023
0.061518
-0.655271
-0.331633
-1.473351
-1.254514
0.237448
-0.486094
0.936759
0.641606
0.010470
1.003553
1.079454
0.068148
-0.087442
0.473829
-0.341537
-0.402539
0.053631
1.631394
-1.204771
-0.195708
-1.019948
-0.286043
1.153248
0.681487
-1.285916
-0.203720
-0.324437
0.890593
1.402308
-0.599075
1.785118
0.470857
0.036055
0.522542
1.510841
0.633844
0.494702
2.116785
0.314254
-0.000901
0.454251
-0.209703
0.976681
2.257262
1.811489
0.628956
0.222568
1.059348
-0.972284
-0.169266
0.084412
-0.277342
1.936591
-0.043493
-1.745616
0.047913
1.562713
0.507420
-0.531211
0.317526
0.123073
0.330894
-0.064114
-0.211288
0.003736
0.397916
1.418025
0.775259
0.459533
-0.038702
1.067236
-0.339156
1.279574
-1.014821
1.089970
-10.006385
-0.457291
0.207392
-0.062809
-0.091432
1.500342
0.378369
0.696056
0.925433
2.386388
-0.481693
-1.527192
-0.382888
0.644384
-1.149600
0.481001
-1.760207
-0.047362
0.028067
0.075459
-1.409041
-0.287238
0.200236
-0.379290
-0.247025
0.297989
0.072222
1.264775
-0.074583
0.304461
-1.919315
0.930524
0.755541
0.987474
-0.545251
1.106299
0.594466
1.194818
1.225604
0.888214
0.085377
0.145674
0.048435
-1.845892
-0.214616
1.881644
0.626493
0.130852
0.144476
-0.109565
0.521936
1.283675
0.433552
-0.397524
-0.215568
1.872022
-0.583112
-0.219202
0.078285
0.198144
-0.232445
1.036402
1.381012
2.475110
0.976871
1.741558
-0.390499
0.701311
0.370456
-0.561793
-1.423337
0.413401
2.002670
-0.879783
1.510350
1.992266
-0.246228
0.293017
1.022786
-0.432545
-0.983264
-0.681794
0.491429
1.018134
-0.384827
-0.189939
-0.128592
-0.917774
1.080919
0.658950
-0.572266
3.624491
0.462252
0.394012
0.089341
0.240977
-0.529184
2.377158
-0.300806
-0.746467
0.854564
1.151158
-1.928240
0.102088
0.232611
-0.385096
0.172526
-0.781347
-0.135845
0.930346
0.036306
-0.166009
-2.832647
0.929619
-1.676939
-0.396630
0.590842
-0.347136
-0.904268
-0.696677
-0.421083
0.032079
1.182071
0.464136
1.082019
-5.465650
-1.232285
-0.405366
-0.014260
-0.255418
-0.992460
-0.512594
0.901389
0.557850
-1.422183
-0.680812
0.027966
0.242906
-10.467873
2.419234
0.084603
1.143471
0.135652
-0.176144
0.802556
0.458352
0.789891
0.389742
0.261748
-1.041256
0.447569
0.677330
0.959764
0.167017
0.525538
-5.602176
-4.716624
0.166183
0.201072
1.047215
-0.250896
-0.485982
-0.009326
0.461319
-1.577320
0.958980
0.396462
-1.106735
0.996640
-0.150350
0.975991
-0.401355
-3.249366
0.896036
0.572286
0.256877
0.969692
0.685954
1.200675
0.060134
1.032011
-0.839056
-0.334083
2.066619
0.694518
-0.368897
-0.095454
0.116930
-0.609015
0.167093
-0.055986
-0.872393
-0.566288
1.241607
-0.064502
0.087805
2.692548
-0.257623
-0.207569
0.968299
0.210182
1.936316
0.085633
0.256802
-0.219689
0.870010
0.321175
-0.888036
0.232841
2.512247
1.081700
0.773006
-0.754505
0.447953
0.816131
-1.646418
0.146239
-1.152538
0.501089
-0.502136
0.740691
2.217027
-1.960668
0.526334
-0.459284
0.662716
1.602459
0.235898
0.345324
0.161036
0.925754
-0.051207
-0.672434
1.182737
0.180246
-6.195555
-0.115082
0.464246
0.117109
0.555431
0.496976
0.997119
-0.736423
-0.469398
-1.146908
0.347339
-0.387672
2.173291
0.409257
0.202428
0.980289
-0.616177
-0.250647
0.158106
-0.219912
0.067643
0.668202
-0.012514
0.952945
-1.579516
0.666845
-0.493015
0.151349
-0.200035
0.000203
0.336848
-0.998123
0.128470
0.277835
0.498384
-0.473087
0.936854
1.422036
0.262005
-0.210562
0.529894
0.106405
-0.458023
-0.781033
0.652886
-1.024621
1.351598
-0.221847
-0.542758
1.169696
-0.557610
3.464265
2.928154
-0.217576
-0.064896
0.397545
0.109792
2.680792
0.852813
2.321829
0.482279
0.604021
-0.445610
0.890397
0.605787
1.853676
-0.561907
0.275755
0.580887
0.158917
0.137680
-0.128813
0.365490
-1.265524
-3.096468
0.389640
0.229881
-0.017566
0.331465
0.123560
4.683574
0.221802
1.104207
0.147611
0.039792
-1.268577
0.282445
0.493662
0.214043
0.284616
2.056857
0.497053
0.851475
1.600963
-0.191629
0.232743
1.639613
-0.224079
0.479896
1.188334
0.101679
0.714984
0.695567
0.626731
0.619026
3.696306
0.063874
-0.408914
0.688462
0.085992
0.178667
0.547799
-0.698813
-0.112190
0.292704
2.271715
2.637673
0.380086
-0.055628
0.719278
0.257841
0.107575
0.649903
-0.188197
-0.245975
0.081827
-0.483943
0.963831
2.598735
3.469261
2.199053
0.476303
0.537389
4.507314
0.414820
-0.347837
0.035971
1.059584
-0.485350
0.262077
0.607596
0.328230
0.400533
0.301075
0.046240
0.787188
0.131131
-0.879108
1.465160
-0.735048
0.045888
0.799150
0.454028
0.069156
0.651289
-0.453550
0.368018
-1.887517
-0.016888
-2.459463
-0.741464
0.027598
-0.662485
-0.372594
0.756530
5.282605
-0.227714
-0.673024
0.876868
1.087912
2.779789
2.798529
1.239176
1.120870
-0.005583
-2.126044
-0.072162
0.622967
0.465563
-0.352695
-0.421274
-0.117039
0.350145
0.192467
-1.210747
-3.178774
0.094521
0.901876
0.272692
-0.261223
-0.622774
0.186686
-2.469582
1.172481
-0.101620
0.641194
-0.285590
0.289188
0.198310
-0.152247
0.256647
-0.177392
0.555301
1.034010
1.375567
-0.321989
0.594855
0.028282
-0.607334
0.638282
0.126859
0.994849
0.270218
0.547758
0.178729
0.390797
0.765363
-0.478603
-0.769964
1.308245
-0.032989
0.101521
0.596821
-0.167855
0.277469
1.063095
0.112625
0.330371
0.797710
0.166222
0.507792
1.822152
0.381867
0.218495
0.163613
0.198418
1.095950
0.909400
1.560627
0.629003
-0.621127
0.661199
0.481357
0.351032
0.419681
1.576265
0.209676
1.092820
0.754850
0.851246
0.535950
-2.550730
-0.114651
2.334552
-0.696057
0.486166
0.078770
-2.895759
0.885239
0.028852
-0.417898
-0.080611
0.203155
-0.287742
0.604275
-0.682340
0.125314
-0.315089
-0.382619
1.329895
0.723370
-0.704362
-0.084868
-4.344318
3.538752
1.139905
0.135546
0.359668
0.797279
-0.123896
-0.490565
0.818133
0.269398
0.070243
0.839636
-0.330701
-2.063334
1.823475
0.714232
0.931593
1.305973
0.261978
0.254010
-0.048709
-0.261432
-0.835081
-0.441179
0.293837
-0.471102
-3.319717
-0.514640
0.983568
-0.835147
-1.465400
1.148041
-0.196575
0.119780
0.409565
-0.472261
1.496646
1.140574
0.239835
1.613104
-0.032332
0.068431
0.333639
-0.476852
0.313714
0.985202
1.120509
1.736431
0.228542
2.131829
0.071367
0.570973
-0.330094
-0.530967
0.815632
0.588547
1.009439
0.104951
0.530529
1.363714
0.985388
-0.118450
-1.429074
0.083410
3.288652
1.146453
-0.545553
0.313376
-0.191345
1.254829
0.480536
-1.165463
0.647620
0.277008
0.839799
0.797792
0.197897
0.296482
0.153762
1.305976
0.710888
1.605469
-0.775703
-0.222065
-0.775157
0.293988
0.970144
0.406918
0.186765
0.548655
1.468436
-0.543429
1.405673
0.258059
0.241670
-0.196405
1.439858
0.578871
-1.139616
-0.404093
-2.868505
-0.610842
-0.369755
0.089769
1.041379
-0.749340
0.976614
0.737498
-0.173929
-1.310230
-0.954422
-2.030841
0.634632
1.512050
-0.169961
0.099922
0.042084
1.421386
1.577258
0.898646
-0.112697
0.875666
0.871304
-0.028005
2.383068
0.090006
-0.124847
-0.698983
0.766021
-0.614518
1.205329
0.535788
0.732254
-1.647655
0.802095
0.815488
-0.548803
0.691629
1.405686
-0.204961
0.505508
0.389065
-0.074639
4.095796
-0.012726
2.620947
0.289748
0.539876
0.555774
0.227707
0.886470
1.716857
0.705105
0.533848
-0.208931
0.743499
-1.383161
0.272195
1.685255
-0.058911
0.330079
-0.402443
0.368590
0.534221
1.263175
2.414112
2.204676
-0.219628
0.309499
0.231589
-0.721291
1.793039
-0.042714
-0.939447
1.045806
0.694028
-0.166541
-3.989978
0.156899
0.548871
0.337498
0.104743
0.891870
-0.141123
1.442375
0.059931
-0.703821
0.262127
-0.330674
-0.142232
0.722142
1.175539
1.553560
1.328978
0.374498
-2.658749
-0.441786
0.875654
0.374523
0.779784
0.834652
-0.287775
0.565901
0.540010
-0.952180
0.085225
2.183265
0.870679
0.445218
0.044796
0.363315
-0.243644
0.536498
-0.535722
0.891307
1.008969
0.040149
-0.539067
1.453184
5.270745
0.573069
-0.744007
-0.183599
0.407470
0.421654
-0.676787
0.943664
0.226651
1.317204
-2.431348
0.882480
0.714698
-0.003700
1.057429
-0.229928
0.646616
0.028438
0.198857
-1.385260
1.513656
-1.122116
1.291821
1.565784
0.644106
0.320917
-0.181476
3.551171
-0.155753
-1.384798
0.506468
-0.867868
-0.416887
0.838868
-0.233809
0.594985
0.327657
0.258633
1.139780
0.113376
-1.650710
0.042588
0.572615
-0.485993
0.037138
-0.275763
0.235311
0.539977
0.377750
1.391858
-7.580534
-0.038502
0.107128
2.754226
-2.095632
1.081414
-0.144643
0.549702
2.555881
2.265641
0.509837
-0.387488
-0.410253
-0.224580
0.195865
0.489842
0.497660
-6.670166
-0.447009
0.166409
0.520150
-1.151497
0.129138
0.149209
1.320148
0.249185
0.613195
0.461280
0.914640
-1.066645
0.289645
-0.423670
-1.033687
1.647166
0.060842
1.071906
-1.996942
-0.007534
-0.496242
1.124518
0.810790
0.007160
-1.007344
0.972060
0.301143
-0.031515
0.573407
0.271260
0.929262
0.302684
-1.034512
1.817842
0.721374
0.172829
0.604749
0.958374
-0.936185
1.428347
1.529106
1.099381
0.817233
1.164503
0.755969
-0.008813
1.233445
0.023732
-0.565418
-0.706815
0.225799
-1.016586
0.672518
0.582199
-0.001645
0.043452
-0.057303
-1.268922
-0.154630
1.353273
1.359225
0.902506
3.756918
0.151516
1.425952
0.323750
-0.482209
0.993794
1.131842
-0.037142
-0.142142
-1.192154
-0.134714
0.703837
-0.782301
0.753810
0.968349
0.425696
-0.341565
0.411383
0.092640
1.266283
1.417753
0.112339
-0.702517
-0.150964
-1.748620
1.363064
-0.225023
0.547408
1.635866
0.037453
0.836582
0.448164
-0.066338
0.243634
0.809892
1.709838
0.396267
1.158032
1.463013
-0.454205
-1.539036
0.340270
0.038641
1.029552
-2.242823
-1.655377
-0.360975
-1.258095
0.245215
0.556295
1.052170
-0.712984
-3.379125
0.452841
-0.762474
-0.167263
-0.338898
-0.890255
0.913030
1.469090
-0.910774
0.932782
1.676380
0.628155
0.114000
-0.511815
1.053730
-0.268637
-1.840453
0.589314
0.439888
1.142323
0.606747
0.773181
0.074233
-0.631717
1.070902
-0.007924
0.415785
-0.771150
-0.306136
0.385073
0.802231
-0.160469
0.664032
-0.120222
0.384500
-0.236059
0.205154
0.441250
3.549358
-0.164876
1.421280
-0.745765
0.461704
0.078247
-0.196614
-1.164761
0.340605
1.231409
-0.329907
0.125297
0.172713
0.298285
0.785794
0.170685
0.242304
1.159100
-1.019890
0.429978
1.199773
-1.257452
-0.122470
-0.078114
-0.450709
-0.066045
0.083291
0.607088
0.843134
7.715367
0.733700
0.977970
0.456143
0.818904
-1.886478
0.289460
0.103168
-0.094157
-0.411001
1.654671
-0.367829
0.306671
0.840652
0.482924
-0.324132
0.953365
0.071514
0.194328
0.101542
0.982142
0.675113
-0.374206
2.324804
0.198188
1.096262
0.078117
-0.352153
-0.530622
0.009761
0.446773
-0.149097
-0.532863
0.400100
-0.647443
0.253757
-1.543510
