-0.675765
0.191821
-89.071083
-0.072954
-0.113657
0.104813
-2.260858
-0.955629
0.782110
0.314655
-0.637038
-0.181679
-0.489640
-0.546848
-5.294360
-0.879043
-0.190872
0.443684
-0.404687
0.442224
89.479017
-0.336053
-0.071990
-0.025663
-2.090658
-88.608667
-0.130356
-2.994497
-2.261247
-0.766663
-0.131456
-0.000347
0.707014
-1.299797
0.309571
0.202280
0.210572
-0.712024
0.026600
-0.628348
-0.681789
-0.917647
-0.712722
-0.163734
-0.882816
0.732297
-0.030872
-0.910412
-0.388038
-0.935539
-0.404365
-0.696546
-0.054214
-0.295382
-1.486702
-0.265655
-0.065697
0.219369
-0.506008
-0.202923
-0.663229
-0.970689
-0.078949
-1.046472
-2.383922
0.182235
-1.385432
-1.990971
-53.895258
0.561224
-0.950135
-0.314253
-51.406832
0.340445
-0.101150
-0.050308
-0.371357
0.076754
-0.841866
-0.672650
-0.463029
2.212733
-1.409749
18.966453
0.197434
-0.280118
-0.202334
-0.187642
-89.974531
0.156328
0.462040
-2.595351
-0.870552
-1.091556
0.282282
0.057650
0.009501
-0.410151
0.101414
-0.585700
-0.779508
-1.516062
-0.365092
-0.769363
86.658733
-57.646287
0.225312
-0.518595
-1.134218
-0.818960
-38.774627
-9.494057
-0.819257
0.322511
0.006641
-85.221871
0.612638
-0.326838
-0.069882
-0.537700
0.004111
-0.282226
0.088599
-0.136780
-0.448593
-1.123434
0.033259
-0.699970
-0.254088
-1.155169
-1.554550
-1.978185
-0.001441
-0.516899
-0.146482
0.602455
-0.277298
-0.239359
0.195435
-88.971294
0.108211
-0.574130
-0.330861
85.793776
-1.215812
-0.566268
-0.566182
-0.151957
0.040385
-0.281867
0.102845
3.239139
-0.553854
-0.214650
-1.009144
-31.541803
-0.575668
-0.400699
-1.180403
0.214929
-0.169527
0.716457
-1.230498
-2.765647
0.457515
-0.056555
82.183155
-1.145838
0.148371
-90.308664
-0.640612
-0.581153
-1.501970
-0.259088
0.056600
-75.700729
-0.412765
0.234739
-0.329316
-0.417525
-5.519183
-1.184450
-0.551343
-0.946584
-0.986593
-0.436927
0.059149
-0.472515
-1.033662
-1.464622
0.213421
-0.232403
82.178823
-54.713191
0.529478
-1.065938
-0.988194
-0.677189
-0.770437
-0.429288
-0.511165
-1.032167
0.400440
-0.573574
-0.347265
-0.732620
-0.297473
-1.620653
-0.352059
0.027922
-0.127675
-0.215261
64.395354
-1.157633
-0.086405
-0.967620
-0.840547
0.122428
-0.645392
86.866182
-1.394998
0.177562
-0.738222
0.047136
-0.872499
0.220615
-0.856771
-0.906773
-0.748625
-1.076294
0.086245
-0.940017
-1.031661
-1.111384
-0.500455
0.096159
-0.086010
-1.274890
-1.019601
-0.764163
-0.468195
-0.753205
0.075650
-0.828434
-0.856105
0.859734
-45.141871
-0.543311
-2.583644
0.312715
-0.543276
-0.706725
-85.723915
-0.260514
-0.848569
-0.496723
0.103095
0.017359
-0.601564
-1.017249
-1.444126
0.562619
-0.392875
-0.139504
-1.661865
0.118749
-0.547216
-1.108825
-0.879234
-0.609517
-1.529483
0.002935
-0.045452
-2.680602
-0.820273
-0.123365
-0.167915
-0.046939
0.096042
-1.234605
-1.575606
-0.436246
-1.903468
86.485842
0.492083
-0.109354
-0.507369
-0.943486
-4.213418
-1.235541
-0.425857
-84.192694
-0.341064
-1.105904
-0.397079
-0.912361
-0.985936
0.181265
-1.268253
-0.333344
-0.929650
-0.254509
0.638920
-1.478760
0.274818
-0.580457
-0.476656
-0.231557
-0.615399
-0.446555
-0.205284
-0.065589
-0.725106
-0.514584
-0.422020
-0.715577
-0.653756
0.056257
-0.379903
0.321987
-6.618905
-0.338032
-1.636205
0.218893
-1.074436
-0.363588
0.202894
-1.291839
0.269660
-0.789291
0.247553
-0.533373
-2.215425
-1.720486
0.443804
-0.355597
-88.881801
-0.447057
2.058525
-0.931557
-0.103607
-0.551769
-0.843108
-0.509196
0.258885
-1.742391
-89.482812
-0.477851
-1.701841
-0.193064
-0.384928
-0.101548
-0.801639
-0.633815
87.137401
-0.154244
-0.551038
-0.546460
-0.409026
0.756516
-0.083834
-1.480339
-0.720993
-0.134112
-1.092189
-90.119277
0.039133
-1.471804
-0.095927
0.236058
-0.420197
-0.529948
-0.447840
-0.470834
-0.543311
-0.620042
0.266948
-0.066151
-0.592994
-0.699297
0.292111
-0.911604
-0.518674
-0.367624
-2.135952
0.245535
-0.481940
-0.874135
-0.239834
-1.483310
-0.470599
-2.083728
0.348240
-1.740371
-1.012220
-0.974910
-0.377587
-0.441150
-0.452904
-0.774097
-1.240528
0.620091
-0.181443
-0.121803
88.058384
-86.622124
-0.202055
-1.497844
0.243575
-0.450398
-1.247865
-2.273535
-0.240592
-1.405154
-0.117184
0.062506
-0.431082
51.596784
-1.127782
-1.472062
-0.348601
-0.375012
0.003903
-92.346889
-0.097470
88.215813
-0.613526
-89.628920
-0.077943
-1.045540
-0.415438
-1.466278
-0.880093
-0.753153
-0.935692
0.101225
-0.286819
-0.093647
-0.239665
0.371722
-0.194253
-0.702317
-0.440329
89.867926
-0.836189
-0.355950
-1.510687
-0.235905
0.004992
-72.926888
-0.368646
-0.631286
-0.053486
-0.264704
-0.306332
-0.609584
-0.472497
-0.954049
-0.601004
-0.219495
-0.520152
-0.916626
0.068101
0.481612
-0.286762
0.477573
0.383390
-1.393621
-0.079276
0.003379
-2.061379
-89.692832
0.383812
-0.240437
-0.081983
-0.953530
-0.205108
-0.754009
-0.647735
0.540826
-0.572418
-4.091341
0.325479
67.296781
-0.138291
-1.456933
-0.499223
7.066984
-0.592842
0.436489
-2.036801
-0.349673
-0.525763
-2.817956
0.379911
-0.728983
-0.287574
-1.116436
-0.075818
-0.106026
-2.975314
-0.261336
0.105721
-16.497333
-1.206524
54.465231
0.259134
0.261150
-0.559120
-0.826591
-88.025629
-0.463747
-0.124313
87.137991
23.556008
89.012868
-1.713334
86.690204
-0.126600
-0.393597
-0.137236
22.600271
0.803786
-1.359123
0.052359
0.109518
-0.861681
-0.552730
-0.268143
-0.334283
-0.139120
0.626442
0.314742
-0.717777
-92.122080
-0.193368
0.214121
0.267774
0.201884
0.115182
-0.915320
-0.859690
0.054229
0.314927
-1.040542
-1.246014
-1.033501
-1.749938
-0.318063
-0.473198
-0.649425
-1.195261
-0.008079
-89.736660
-0.344399
-0.290914
-0.464693
0.000253
-0.503363
-0.634587
-0.125793
-3.616455
-0.161327
-0.276490
-0.688023
0.237763
-0.342797
-0.932492
0.013285
-0.828992
-0.171249
-0.652645
-0.800131
-0.844083
0.135511
0.151806
-0.227951
-1.154562
-0.444971
-0.256133
-0.775470
-88.769772
0.450393
-3.148409
0.297142
-1.921692
0.117441
-0.607967
13.765409
-1.190722
0.082612
-1.062045
-54.664646
-0.143385
86.865783
0.315387
-0.277717
0.307711
0.086538
-0.488721
-1.890750
22.088083
0.542465
-0.510920
0.448137
-0.081698
-0.058689
0.301052
-0.261357
-0.311684
0.157398
0.024062
0.062591
-1.107295
-0.301629
0.111039
-0.800943
-0.074775
-3.102003
-0.448352
-1.319484
0.434848
-1.159415
29.312574
0.006006
-1.424061
-0.477379
-0.451577
0.497536
0.415469
1.480607
-0.485386
-0.226488
64.351272
-0.617464
-0.255073
-90.490932
0.225807
-1.224961
-0.408577
0.089994
-0.335854
-0.393614
-0.633478
-0.617331
-89.647273
-0.453192
-1.257642
-0.169278
88.005347
0.326504
-0.782690
0.281705
-1.849685
-0.848899
-0.477867
0.233690
-0.319709
-2.920125
-0.486738
0.744154
0.521958
-0.032461
-1.955853
-0.693369
-0.898732
-1.099733
0.113662
-0.561789
-1.147749
-0.703571
-0.526706
-2.664081
0.524761
0.289370
-2.012084
0.013364
-0.741584
0.491708
-1.144425
-1.036146
0.057844
-0.585377
-2.488590
-0.513460
-2.258275
0.346970
-0.937068
-0.582347
0.067483
-0.113720
-0.339060
-0.262636
-3.024940
-1.173436
85.232552
-0.321147
-0.862411
-0.339853
-0.640861
0.401777
-0.892840
-0.279566
-1.302025
0.507416
0.421704
0.474664
-0.278635
-0.174160
-88.353180
-0.225272
-0.681954
-2.903912
0.064996
-2.368564
-0.737385
0.114699
85.763468
-1.187629
-0.834620
-9.679773
-0.485216
0.226159
-88.438989
-0.829584
0.217842
-0.416885
-0.740890
0.262105
-1.207420
-0.377144
0.193663
-1.270363
-87.924283
-0.447399
-3.766746
12.588311
-2.162152
-0.796391
85.581705
0.116354
-0.348649
-0.374224
-0.769883
-0.408101
-0.353061
-0.901545
-0.564476
0.482313
-0.632012
-4.112651
-22.727791
-59.125775
-0.665845
-1.037911
-0.524753
-1.268338
-1.711581
84.836042
-1.113388
-0.918994
-1.083750
-0.037438
-0.957796
-0.855655
0.183312
-1.860173
-2.516193
-0.115399
-0.299467
0.373704
-1.403188
0.611927
-0.174710
0.418982
-0.437241
-0.977610
0.390292
-0.524806
-0.095316
-0.245236
-1.334727
-1.029533
0.016858
0.087105
-2.012132
-0.873233
-1.495868
-0.977658
-0.728543
-5.771566
-0.872844
-0.233163
-0.340676
-0.560287
-0.590322
-0.133875
-0.733571
-0.667154
-0.885006
-0.053201
-2.381530
-0.443436
-1.283129
-1.284094
-0.252041
-0.146427
-1.006046
-0.890344
0.281180
-0.859688
0.111422
-1.308279
-0.998079
-0.052486
0.478693
-1.308698
-0.555175
-0.263833
-3.518960
-0.216757
0.608269
-0.414479
-0.246008
-0.541396
0.002995
-0.367384
0.079712
-0.713907
1.101097
-2.943801
-0.330267
-0.984421
-0.246251
0.021353
-0.368431
0.858100
-1.079466
-0.351773
0.247797
-1.362170
-0.717314
-0.692292
-0.096450
-15.333580
0.512386
-0.254090
0.265441
-1.672170
-2.418738
0.111415
-1.016336
0.020316
-0.959409
-0.325770
-1.064057
-1.400864
-1.052539
-0.377051
-0.163541
-0.919506
-0.597459
-0.917731
-0.646492
-0.777776
0.070729
-0.087354
-2.120653
-0.529548
-0.129318
-0.649162
-0.916338
-1.205294
-0.183458
-1.276728
-86.599422
-3.794853
-89.123223
-0.056550
-0.483857
0.295107
56.199010
-1.987439
-1.940310
-0.647150
-1.418443
-0.367373
-0.122669
-0.121754
-43.307743
0.089115
-0.823217
86.652218
-2.156475
-0.502336
-0.774928
-1.026660
-0.345491
-0.417655
0.238716
0.115429
-0.803653
-0.385529
0.195276
-0.760097
-0.549653
-1.013871
-0.699125
-0.648614
-0.269420
70.474619
-0.017308
0.423405
-0.120956
-0.546024
0.196699
-30.545059
-0.214301
84.869136
-0.865097
-1.085232
-1.551620
-1.785406
-1.381283
41.941186
-0.161576
0.183988
-0.952275
-0.860467
-1.087549
-0.936659
-0.859607
-0.721867
-0.641642
0.074522
0.237009
-0.765987
-0.018372
-0.558552
-2.964106
-1.172472
-0.504905
0.092799
-0.244401
-0.471461
-0.032765
0.457115
-1.458024
-0.901577
-0.486404
-0.427752
0.011071
-0.700718
-1.504682
-1.234016
-0.618203
0.892357
-0.274391
-3.528334
-0.646190
-1.396949
0.159194
-0.255771
-0.322706
-0.190064
-0.304885
-0.667258
-1.062328
0.016423
-0.244954
-0.875909
-2.110481
-1.302614
-0.608658
-0.256807
-0.645375
-0.884122
-1.948409
-3.911260
-0.967129
71.562900
-1.082784
-0.129980
-1.733411
3.003555
-0.374609
0.145073
-0.864818
-0.211042
-1.250402
-1.709552
86.666457
-1.294726
-87.738600
-1.116108
0.129573
-0.615895
-0.957775
-0.418770
-0.732544
-0.147653
-3.158960
-0.017922
-0.136209
-0.568746
-0.009504
0.190172
-1.606004
-0.494254
-0.645651
0.304794
-1.930990
-1.313293
-0.081559
-0.876422
0.399467
-50.968549
-0.665043
-2.050942
0.261512
-2.574749
-0.941493
0.775433
-0.210926
-0.688552
-0.685320
0.193816
0.131062
0.560853
-1.229627
-0.538687
-0.970524
0.332391
0.024001
-0.210210
-0.387261
-0.711639
-1.058089
0.058708
84.127254
0.890708
-1.802007
-0.726003
-0.657739
0.206284
-0.567329
-0.242062
-1.280616
0.323904
-0.942683
-0.438348
-1.254899
-0.384616
-0.137815
0.254725
-88.960986
-28.496101
-0.463326
-0.386611
-0.526819
-0.182805
0.020104
-0.958032
-1.237207
-0.239503
-2.037680
-0.813756
-0.213073
-0.953199
-0.446312
-2.107352
0.182128
86.931198
-1.026519
-86.052087
-86.788848
-2.621096
-1.018894
-0.166060
-1.208533
0.475940
-0.447483
-1.500050
-11.242870
-0.683861
0.004234
-1.601076
-1.434958
0.446096
-0.410234
0.212144
-0.751252
0.157179
-0.489281
-0.306377
-0.442455
-1.021900
0.413138
-1.024453
-0.237701
0.139790
0.192911
-0.382080
-0.563619
-0.905736
-0.899978
0.095027
-0.250034
-0.211525
-1.802906
-0.141185
-1.619547
-1.513572
0.198830
-0.468764
0.271149
-1.720887
-0.438183
-1.635993
0.110527
-0.427004
-1.185461
-0.380787
-3.526130
-0.371192
0.193790
0.342603
-0.693752
-0.567524
-0.416252
-0.050046
-1.565305
0.003485
-1.348882
-1.021399
0.535119
-1.308083
-0.390435
-0.446101
-0.076014
0.260982
-0.212843
-0.309212
-0.809602
90.066276
-1.005191
0.828153
-3.249311
0.044301
-0.220908
-0.764086
0.136866
-0.349039
-91.625681
-0.478030
-0.326765
-0.574447
-3.428998
-0.806427
-0.657980
-1.549334
-0.238870
-0.219410
-49.326657
-0.178771
-0.822171
0.224715
-2.032329
-0.661465
-0.353986
-0.422549
-0.191834
0.520757
-0.950366
-0.005570
-0.938890
-87.560072
-0.827712
-0.532280
-87.119267
-1.686374
-0.955255
-0.379785
-0.360805
-0.355610
-0.439984
-0.997541
-0.361963
-0.661352
-2.082142
0.589108
-0.717124
-1.011292
-1.509308
85.941658
-0.353162
-1.125435
-1.580375
-0.116545
-0.516846
-0.204293
0.458323
-0.861888
0.766889
-1.369489
-0.562145
0.234333
-0.622449
-1.970345
-0.844973
-1.918578
0.267307
-0.300637
-0.152545
0.322499
0.032351
0.196953
-1.136099
-0.357204
-1.927814
0.021604
-1.423169
-2.427075
0.089309
34.303730
0.334047
-0.657548
-0.714852
-0.032156
0.216395
-6.877786
-2.251638
-0.014680
-0.887005
-0.438069
-0.450394
0.402402
-0.144383
-0.523407
-0.232078
-0.155100
-85.189697
0.567777
33.819335
-0.186346
-0.473525
0.042583
-14.067937
-0.903517
-3.097344
-0.110124
-2.772486
-0.440184
-1.708994
-1.065704
-1.149343
-0.331134
-0.156399
0.017265
-0.556200
-0.281247
-1.673746
70.307271
-0.879200
-0.706072
-0.036441
-73.291493
-0.020333
-0.400818
-0.171163
-0.470694
0.077970
0.017319
-3.073278
0.194037
0.764731
-0.518445
0.394802
-0.096128
-0.822804
-1.456677
-0.020589
-0.727054
0.229053
-1.116200
0.137634
-2.289867
-1.768941
-0.960994
-0.636072
-89.323406
0.435508
-0.313885
-1.243971
-1.065936
-3.139747
-87.621560
-9.940951
-0.445713
-1.655862
0.466689
0.067895
-0.400387
-0.682198
-1.344202
-0.487635
-0.589918
-1.250605
-0.387083
-0.629298
-0.055807
-0.894969
88.339902
-0.453117
-0.256153
-0.155740
-0.898056
-0.279020
-0.464818
-0.680041
79.106101
-0.350686
-0.578920
-88.527235
-0.083689
-0.004060
-0.165261
-0.507567
0.064708
-0.402141
-1.360167
0.379914
-0.798655
-0.715138
-0.875467
-1.261644
0.706359
-0.536879
-89.857663
-0.516156
-0.350206
-0.358686
-0.277564
-1.187561
-0.453559
-0.873587
-1.627117
0.233646
-0.230879
-90.347805
-0.475505
-0.872238
-0.549608
-0.512041
-0.637900
-1.054894
0.090063
-0.313531
-1.103960
-0.286118
-0.952075
-0.504603
-0.738068
-0.220127
-0.850606
-0.844767
-0.623280
0.046923
0.316870
-0.159488
-0.617482
0.248847
0.635481
-0.427041
0.370210
-0.252803
-92.616782
-0.825986
46.669803
0.259600
-0.455263
-0.466300
0.232224
-0.492825
-0.575136
-0.970965
-0.661613
-2.272070
-0.684893
-0.592867
-0.357510
-0.321843
-0.256906
-0.000372
-57.700255
-0.893467
-0.668074
62.839392
0.058084
-91.302814
-0.319203
-0.289398
-0.085819
-0.772056
0.466805
-0.376815
-3.924394
-0.634546
-0.117649
88.807490
0.301383
-0.577669
-0.623765
86.936774
52.133400
-1.273468
-1.150772
-0.105699
0.050389
-0.708649
-1.283265
-1.646579
-9.335296
-90.346610
0.173302
-0.252275
-0.884166
-1.562687
-0.784449
0.127399
-0.933989
-1.920393
-1.525235
-1.392862
0.330900
-31.639419
0.399893
0.035193
-0.345628
-1.681898
-0.284650
-30.699569
85.767482
-119.356931
0.444727
0.406564
-0.168554
-89.520335
-0.929196
-0.396948
0.135507
-0.365628
0.386040
-0.685306
0.157283
-88.946296
-0.130322
-1.161302
-88.320076
-0.156734
-0.316981
-0.055439
0.057037
-1.040414
-1.595639
-0.410181
-0.815725
0.484585
-0.318326
-0.180173
-1.201285
0.106046
-0.874370
-0.396405
-89.238284
-0.831270
0.051136
0.618715
-0.433279
-0.839831
-1.246726
-0.223389
0.456279
-3.064484
-1.185659
-0.308657
-1.338884
53.588200
-0.707864
-0.036007
87.077021
25.642824
-0.095188
-0.444225
-0.630104
-1.048391
-0.654309
-0.206683
-0.216083
0.593116
-0.670323
76.423864
-1.663729
-13.156787
-0.337959
0.410422
-1.360346
-0.083442
-0.330896
69.742909
-0.632434
-0.248457
0.299411
-0.507248
0.034777
0.222114
-1.380181
-0.223883
-0.569320
-0.228245
-1.433237
-0.201073
0.747308
-0.584890
0.816360
-0.655807
-0.670427
-0.034939
-0.957178
-1.247553
-4.907245
-1.149756
-4.951907
-88.858189
-1.407593
-1.154322
-0.696589
-1.266094
-2.832549
-0.493353
-0.994636
0.044345
0.112640
-0.461667
0.013488
-1.478162
0.057772
0.021113
-1.978847
-0.922817
-1.292385
-0.435019
-0.928988
-1.476300
-0.485399
0.489956
0.552948
-2.668599
0.261172
-0.891770
0.919137
-0.088656
-0.089200
-0.102872
86.617601
21.341282
-0.813016
0.033940
-0.188449
-0.371167
-0.020680
-2.314250
0.167275
-0.544172
-0.096583
0.120549
-1.829926
0.002084
0.260372
-0.068722
-0.129448
-0.996555
-0.634673
-3.768794
-0.296292
-1.446506
-0.520746
-10.732848
0.005235
-0.640328
-0.960364
-1.744616
-1.498155
-0.858599
-1.250503
89.196770
-0.794947
-0.378931
-88.734114
-1.049764
-1.754507
-0.133652
-1.697010
-0.661453
-1.104236
-0.619065
-0.135523
-1.106836
0.845086
-0.815789
0.570862
-0.799535
-0.401017
-1.161526
0.247257
-0.776706
-0.893149
0.087601
-0.265028
-1.071789
-0.001772
0.379829
0.040008
-2.334009
-89.813072
-0.796587
-0.800651
-2.248813
-0.857306
-0.351957
-2.468346
-0.602139
-3.354984
-0.765637
-0.155141
-0.907868
6.169617
-0.398778
-1.199453
-1.207388
-0.731287
-0.637357
-0.521910
-1.460469
-0.279527
-1.239193
0.014759
-1.082433
-62.566134
-0.340008
0.314932
0.029440
0.341279
-0.740797
-1.128942
-0.212679
-4.105055
-0.832688
-0.860992
-0.074081
-1.097782
0.020043
-1.837730
0.483936
14.248572
0.438548
-0.024416
-0.157691
-1.593426
0.889184
0.119550
-2.050106
-0.242604
-0.891878
-0.496946
-0.088613
-1.669094
0.214102
0.267236
-1.479251
-88.304508
-3.962371
-0.306770
0.360514
-0.960546
0.436395
0.909655
0.682660
-0.746967
0.339343
-1.418435
-90.629651
-0.154741
-0.387366
0.112217
-1.600530
-70.524016
-0.770237
0.177302
-0.078902
-1.449596
-0.638110
87.762283
0.244809
50.144870
87.673411
-0.812832
-0.477948
-0.356055
76.215787
-1.412396
-1.351991
-88.357335
-0.862919
-0.302206
-2.073851
-1.196949
0.387084
-4.224071
-1.064092
-0.757790
0.140881
-0.595045
-0.545822
-1.501184
-0.127329
-0.555346
0.334654
-0.622359
-1.404086
-0.486727
-0.546370
-0.252083
-0.127975
-0.433467
-1.156533
-0.593634
1.113160
-0.808017
0.036438
-0.638563
-3.138650
-0.031348
-1.237841
-1.576287
-1.190249
-0.956990
87.329893
-0.809526
0.390811
-0.726055
-0.342156
-1.120860
0.160585
-1.039010
-17.264966
-0.475138
-0.630954
86.520350
-0.365119
-0.206174
-0.576896
-1.679667
-0.740709
0.760498
-1.453571
-0.038325
88.615989
-0.563625
-6.196664
0.033805
84.280812
0.660266
0.123447
-0.521480
0.161461
-0.107849
-0.203293
-0.222355
-0.062896
-0.290893
0.699306
0.942041
-0.895957
-0.427153
-1.382849
-1.096291
-0.649103
0.518184
0.796529
-0.784833
-0.774561
-2.002956
-2.381873
0.057639
-86.786075
0.096752
-0.714698
-0.047514
-0.600649
-0.927660
0.344379
-0.195468
-0.068575
-1.101750
-0.212493
-1.369773
-0.088072
-0.445287
-0.255203
0.035771
-1.963644
-0.317765
0.264257
-0.267849
89.131018
-0.605812
-1.068741
-0.374745
-0.421540
1.392433
-0.642543
-0.265360
-0.600855
-0.886949
-0.388229
-0.116587
0.489832
-0.774808
-0.926290
0.525551
-0.868041
-0.203241
-0.864108
-0.108567
-2.331659
-0.581624
-0.419803
-0.131484
0.474440
-0.614984
-2.699710
86.062164
-87.065764
-0.332609
-0.572699
-0.979084
-2.142661
0.157801
0.377709
0.381952
-0.489816
-0.099476
-0.865356
0.410628
0.065567
-1.265743
0.227041
0.173470
-0.185928
-1.916176
-0.262326
-0.253194
-0.007215
-0.895716
-0.349420
0.430490
-0.630265
-0.608781
83.850337
-0.553833
-0.951231
-0.143199
-0.350144
0.286757
0.622323
-0.682067
-0.094438
-0.064754
85.668020
-0.505249
-0.728362
0.317692
-0.075480
-0.606560
0.765131
1.263428
-0.624013
-0.229706
-0.076049
-0.434699
-0.728378
-0.469087
0.253013
-0.632110
-0.584618
0.266148
87.896961
-0.695518
-0.688928
0.863669
-1.148661
-0.832250
0.256207
-1.097533
-0.133462
-0.980440
-1.085661
0.545652
-0.552672
86.205917
-0.928466
-0.095716
-0.313961
-0.071803
-0.110959
0.527114
1.929439
-1.197474
3.223920
0.514531
-1.368453
-1.273232
84.360294
0.044059
-0.687682
1.525906
-0.673497
-2.262580
-37.716187
-0.308077
-0.658288
-0.182569
-89.155429
-2.049667
-26.622523
1.145281
-1.030548
0.405806
-2.509985
-2.881576
0.196683
-0.262713
-0.729748
-1.171751
-0.618495
-1.817353
-0.170258
-1.352513
-0.532815
-1.140392
-0.166798
-1.272023
-0.784996
-0.437833
-0.385784
0.071359
-0.360032
-0.693453
-88.837711
-0.127782
-0.622305
-0.047674
0.174946
-0.449125
0.252237
-0.282422
-0.825838
0.013158
-1.741621
-0.102820
-1.154305
-0.316601
-0.331907
-1.119398
0.272548
0.168897
-2.101220
-0.449276
1.101127
-0.933390
88.302740
-0.639086
-1.465010
-0.185871
-1.469123
-0.066360
-1.192240
-0.658115
-81.012887
0.186473
-2.937744
-1.181376
0.271304
-0.462277
1.110419
-1.297599
-0.004110
0.037953
-1.314749
-0.124080
-0.858356
-0.054692
-1.334091
0.009298
-0.530512
-0.344680
0.088121
-3.770015
-0.813239
-2.363547
-0.774147
-0.588100
0.170911
0.417587
-92.444753
-87.343633
88.626606
0.074761
-0.305895
-0.740122
-0.153341
-1.175911
-1.337759
0.240738
-0.391695
-0.137952
-3.305502
-0.256172
-1.194945
-0.368991
-0.063021
0.218953
-0.560185
-0.131919
-1.547707
-0.436009
-1.076910
-1.463719
-0.470616
-1.047188
0.162503
-0.191302
-87.876844
46.342743
-0.775509
-0.661631
-1.186647
-0.219268
-0.912968
-0.358351
0.200388
0.000620
87.739714
0.053272
-0.036544
0.787105
0.113187
-0.697427
-0.911347
79.910129
-38.078714
-2.747018
-0.562919
-0.408210
0.473488
-0.723925
-0.393239
0.243649
-1.342358
-0.144607
-0.322338
-24.136524
-0.462302
-0.214956
-1.021316
-2.305483
-0.238303
-1.168464
-0.102683
-0.775332
-0.196539
-1.268472
0.205182
0.636109
87.668944
-0.918620
-0.894938
-88.384712
-4.123661
-0.882079
-0.580221
-10.029483
0.467904
-5.537532
-0.062049
-0.258026
-0.944261
-0.634784
0.472528
-0.012278
-0.502135
-13.036322
-89.006624
-0.556825
-0.627532
0.011689
-0.917835
-0.874314
0.196947
-0.593607
-2.243735
-0.443839
-0.563563
-0.611976
-0.351110
-0.545265
-0.143589
-0.606032
-0.014072
-0.699028
-0.100599
0.373622
0.518992
-0.775813
0.072242
-0.774262
-88.932431
-1.574634
0.086955
86.372588
-0.226643
-0.267065
-0.310722
-0.629612
-1.756416
0.057918
-0.795583
86.361451
-1.812181
-1.258639
0.002361
0.174563
0.538661
-1.333765
-1.131439
-0.885438
-0.409985
-0.495239
0.067390
-0.014247
-0.945070
-2.839325
-1.210569
-0.477737
-0.269100
1.347354
-0.851598
-0.155246
-0.105085
0.264589
0.370660
0.630832
-1.975033
-0.392179
-0.335776
-13.983328
-0.841346
-1.420779
-0.697392
-0.447959
-0.604739
-9.848941
-5.522605
-0.617397
-0.808172
0.180164
-0.165806
-0.759452
-0.786655
-0.188137
-0.184830
-87.634945
0.375839
0.536208
-0.558241
-0.613316
-0.045087
-0.661328
-0.613466
-0.073806
-1.138021
1.134683
0.521815
0.238278
-0.685034
0.072875
0.056974
0.000934
-0.328177
-0.162817
-0.525428
-1.547723
0.300517
-0.992073
-0.623747
0.143602
-0.836087
-0.173344
-1.126557
-0.915744
-0.554220
-0.578030
-95.128604
-0.712537
-1.182977
87.651079
-1.152554
-0.727851
-0.426907
-0.663578
-0.106512
-0.502018
-3.756582
-1.085976
-1.148849
0.081815
-0.705515
0.074059
0.118877
-9.072478
-0.952201
-0.674922
-0.562667
0.163166
-0.601565
-0.370508
-0.681705
-0.399216
0.303662
-1.023403
-0.147947
-0.992953
-93.223941
-0.703646
-0.090687
-0.868921
75.143678
-2.852450
-0.418002
-0.533015
0.747366
-2.771463
-1.041520
-3.156997
-0.721052
-0.239340
0.144607
-0.090602
-0.367738
0.005862
-44.267885
0.115744
0.519714
-1.034064
80.534654
-0.751623
-0.718924
-0.393758
86.912901
-0.716640
0.168934
-0.960053
-0.340618
-0.276885
-0.077098
-0.313689
-0.726739
0.001810
-1.297698
-0.321196
-0.302444
-0.762848
89.142517
0.004592
-0.202893
-0.238731
-0.745022
0.294421
-0.313031
0.599811
-0.336957
0.393071
-0.690763
0.022157
-0.887764
-0.084034
-1.127684
-0.367175
-83.696525
-1.093666
-2.325996
-0.089599
-0.466869
-67.472097
0.107288
0.626376
-0.561716
-0.047556
-3.626412
0.266435
0.385752
-1.497171
16.038800
0.015486
-0.879549
-1.376103
-0.719573
-0.476202
0.560246
0.204788
-92.286212
0.069290
-0.313509
1.030109
-0.528312
0.011290
-0.365366
0.122708
-1.595523
-1.237844
-0.329957
82.669739
-3.284111
-2.505002
0.736128
-0.614646
-0.019620
0.041313
-33.938264
-1.731920
-1.359379
-1.239143
-0.234152
-0.829968
0.187498
-9.234446
0.150806
-2.091396
0.342229
-0.290754
-0.529737
-0.377789
0.490782
39.251776
0.649029
0.072699
-1.724402
-0.788233
0.415632
0.003752
0.338248
-0.287946
-0.023044
-0.162475
-0.543732
0.778930
-0.851084
0.589535
-0.958653
-0.588964
0.219217
-0.476697
-0.262790
-0.528414
-0.247275
0.044978
-0.307981
0.232469
-0.906236
0.764345
-0.044210
-0.912164
-0.692568
0.034644
-0.352130
-2.028519
0.088404
-1.227153
-0.558923
-0.270421
-0.495642
-0.318865
-0.887792
-3.223105
-0.206951
-0.433710
0.148719
-1.043617
0.207539
-0.866615
-1.170044
-0.564876
-0.728676
-1.788039
-0.746775
-0.251118
86.854586
0.590213
-0.204321
-0.087737
0.438295
0.566243
-1.537709
-2.208579
-0.231605
-5.099381
-3.372089
-2.022842
-0.742968
-0.686940
-0.085521
-0.484867
-0.240588
-28.363452
0.332914
-0.230416
-0.252731
0.356374
-0.509445
-0.693759
-0.796830
-0.763022
-2.086518
-0.065270
-0.412412
-0.617120
0.695093
-1.511924
-54.170289
-1.345172
0.192627
-2.476385
-0.968078
0.341297
-0.813150
-0.453183
78.329671
-1.294051
-86.599608
-1.422649
-92.099233
-1.076513
-0.376473
-0.816292
-0.348507
-0.348889
-1.024180
-1.173928
0.485536
-0.454916
-1.220553
-0.626233
0.051579
66.846043
-0.943371
-0.558750
-0.693943
-0.626417
-0.476550
-0.457341
0.019793
-0.660503
-0.904482
-0.582722
-0.528334
0.301934
-0.692627
0.815043
-1.490308
-0.549328
-0.328404
-0.064261
-2.044272
0.217832
-0.653519
-0.846802
-87.299462
-1.777035
0.209556
-0.612596
-0.325532
-0.247291
-0.694660
-2.830941
-0.835759
-90.266033
-0.701722
-1.496097
-1.072867
-0.423261
-0.859758
0.596166
-0.483345
-0.269080
-0.638615
-0.336565
-0.181351
0.083539
-1.952680
0.417945
-0.208764
-0.559259
-89.817992
-0.924129
-0.841483
-0.473806
-49.875562
-0.175388
-1.552520
-0.631906
-0.938198
-1.573080
-0.392186
-0.023431
-0.207898
0.179282
-0.332805
-0.309274
0.029285
-1.323606
-1.211413
0.030905
-0.018941
-0.519982
1.998889
-0.759204
-2.316685
0.165447
85.444960
-0.302452
-0.572380
-0.148535
0.305688
-1.016676
86.920316
-1.596765
-0.324863
0.431030
0.296646
-89.157526
0.721986
0.581174
-0.651067
-0.619376
-0.693326
-0.324887
1.055772
-0.120301
-0.088563
-1.057276
-1.755139
-1.298127
-0.745303
-0.417846
0.697413
0.174140
0.227938
0.926523
-0.209507
-1.568359
-0.742711
-90.249721
-0.366710
-1.143406
-0.666626
-1.161665
-0.692174
-1.514422
0.173769
-0.714818
-0.023063
-1.473015
-0.625558
0.316601
-70.482483
-0.187992
0.418219
-0.057643
-0.227183
-0.707107
-2.756120
-0.919382
-0.245319
-0.549308
-1.433452
88.781748
-0.852795
0.397565
-0.956655
-2.244660
0.088140
-0.813730
-1.112588
-0.397953
-0.203801
-0.555588
-0.649662
-0.640036
-0.510335
-1.140193
-1.081502
0.561979
-0.334405
-2.385077
-0.323815
-1.295868
0.504853
-5.945141
-1.396316
-1.142603
-0.530729
-0.611023
-0.656553
-0.776994
-0.232801
-0.211111
-90.018233
0.439208
-25.763280
85.312887
-1.060921
-0.041971
-0.723638
-0.343927
-86.373651
-1.074027
-75.136255
-1.626167
0.148874
-0.383331
-0.002715
0.713191
-2.666029
-0.778832
-88.277022
-1.367818
-0.198251
-0.821831
0.193460
0.485066
-1.965280
-0.605291
-1.183205
-32.685499
84.493683
-1.348462
0.390192
-0.338741
-0.532891
0.194965
89.166914
-0.268732
-0.753925
-0.696516
-0.587078
-0.628814
-0.783174
-4.605869
0.526319
-0.810079
-0.744095
-0.303362
-0.195363
-0.536892
-0.462634
-0.936770
-0.669598
-0.148042
-1.323855
-0.694335
-0.870135
-92.037503
-0.575723
-0.084122
-0.119113
-0.752829
-1.058407
-0.221419
-0.652753
-0.814758
-0.465446
-1.847886
-0.485859
-1.506194
-0.751630
-0.885962
-0.910534
0.278891
-0.340744
-0.500497
-1.254893
-0.479286
89.494102
-1.489798
-1.276977
0.180938
-0.708286
-1.684017
-2.233410
-0.035817
-0.650422
-0.779122
-0.732291
0.521254
0.286986
-0.959618
-0.205158
-0.547714
-0.313242
-30.851656
86.080527
-1.163164
0.238578
-0.390677
87.270657
-0.294112
0.257236
-1.765320
62.716743
7.668131
-1.095884
-0.059726
-0.299764
-0.547744
-0.543552
0.573213
-0.769210
-0.034640
-1.481546
-89.833642
77.580972
-0.885625
-0.845256
0.443090
-0.728331
-62.294511
-0.974876
-0.366911
-0.743730
-0.721115
0.476063
-0.685169
-0.184631
-12.777651
-0.537718
-0.928805
-0.277410
-0.119741
-0.601507
-0.160419
-41.662510
-0.399322
-0.984490
-0.610807
-0.639738
-0.522491
0.048758
0.393279
-0.310228
-7.600414
-1.061683
-90.122673
87.865676
0.042300
-0.106950
0.397861
-1.032622
-1.807130
-0.721602
0.088241
0.966456
-1.125390
-0.706248
-0.236151
-0.638763
-0.430337
-0.781825
-0.721777
-0.963116
-0.296834
-0.010799
-0.186761
-0.884432
0.159271
0.107382
8.955247
-1.017553
-1.134284
-0.533487
-0.119971
-1.259500
-2.331373
0.370997
0.397496
-0.246990
-2.213004
-2.961127
-0.208977
-0.329976
-0.570565
-1.041306
-1.078870
53.621795
-0.427681
-0.326249
-0.845347
31.478611
-0.067978
-1.385951
-0.855482
-0.870015
-1.103386
0.600585
0.049391
85.590626
-0.242173
-0.055342
-0.217721
-0.288109
86.136266
-86.026885
-1.000972
-0.367007
-0.213062
-4.724837
0.296414
0.147310
-6.534682
-3.100769
-0.891330
-3.383154
-1.197462
-0.668838
-0.696717
-0.447359
81.177722
-1.290147
-0.465942
0.008760
-0.893604
-0.726159
-1.134183
-7.395735
-0.324964
-89.564831
-1.565352
-0.960882
-78.591407
-1.421080
-87.540300
-0.092887
-1.121049
-0.694383
0.087782
0.029140
-0.059153
-0.117771
87.369171
0.528354
-0.805250
-0.619328
33.137550
-0.834092
-0.481068
-0.754448
0.148441
-1.190344
-0.840705
-0.112418
0.592997
0.513442
-89.626688
-88.301198
-0.328968
-0.373357
-0.351941
-1.021112
86.616217
-0.664018
-0.499086
-1.561249
-0.347141
-0.434469
-1.007894
-0.266116
-0.050870
86.585419
-0.577526
0.094239
-0.875866
85.041465
-0.335999
-1.015756
-0.445984
-0.186708
-0.503421
-1.733079
84.740883
-0.863087
-0.088871
-1.467794
-0.235005
0.607212
-0.857912
-1.175581
0.533953
-0.543275
-0.779169
0.051171
-2.179886
0.232882
-1.076918
-1.206747
-1.148653
-0.729999
0.005022
-0.209889
-0.684258
-0.331404
0.802697
-0.482730
0.375666
0.173501
-1.354593
-0.232158
-1.431072
-0.479153
-1.623623
-0.037194
-1.237234
-1.300240
-0.272116
-0.397771
-1.459395
0.081400
-0.854684
-0.672924
-2.682970
0.867349
0.110030
2.821495
-0.888180
-0.675032
-0.192676
-0.929162
15.205295
-2.879790
-1.630179
-1.201871
0.788667
-1.696802
0.649683
-0.249627
45.593204
-6.696437
-0.326959
-0.655114
-0.731793
-1.415095
-0.116232
0.918138
-0.049181
-0.656218
-1.037342
-1.519539
-0.652927
-1.553215
-0.235582
-3.149560
-0.452012
76.935657
-0.505280
-0.141362
-1.149737
-0.113916
-0.358890
-1.381334
-0.419530
0.052800
-1.735574
0.358522
-90.762865
0.365986
-1.748179
-0.383396
-0.592154
-2.032215
0.579439
0.107799
-0.796127
-0.087804
-0.610925
-0.381095
-0.844896
-0.174774
-0.321364
-0.771317
0.592927
-88.714957
-0.370986
-0.505813
-0.347429
-0.380084
-0.764901
-79.641124
-0.621220
0.180563
-0.701205
-2.081914
0.238046
-87.839123
-1.148504
0.161608
-2.011921
0.004166
-1.757248
-0.765243
0.164235
-0.696110
-1.282870
0.577740
-1.564264
-0.329311
-0.855260
-89.024209
-0.487292
0.486023
-1.174368
-3.151305
0.282332
-0.190469
-0.598323
0.023855
0.262135
83.341327
0.328250
0.590295
-1.361665
-90.162044
0.249877
-28.682669
-0.889065
-0.395429
-0.120406
-0.716636
83.890388
-14.208561
0.461947
-0.647905
-0.537964
-0.747380
4.657759
0.162744
0.159545
-0.816234
0.166014
87.338886
46.324531
-0.471038
-0.628477
-1.017065
0.206730
47.391276
-0.853995
0.117235
85.358329
0.129677
0.195125
0.233449
-0.506647
-0.401569
-33.986834
-0.993060
-0.344403
0.175785
-0.725630
-0.686182
-1.381680
0.056032
0.102321
-0.394526
-0.371277
-1.046003
-0.651926
-1.035737
-1.507000
-1.279541
-0.246020
-0.668930
-0.014744
-1.122738
0.154178
-0.252934
85.509186
0.305301
0.464891
-1.791544
-0.310715
0.885214
0.063920
-0.554954
-1.114172
-1.127345
0.106034
0.223500
0.095954
-0.908617
-0.164060
-1.521606
-0.792609
-1.821711
-0.255787
-1.439937
-1.350630
-24.538266
-0.052149
-2.244119
-0.682288
-3.482819
0.195619
-0.397920
-0.162165
-1.309330
51.173180
-1.376997
-0.899232
-0.360744
-0.415375
-0.225089
-0.200292
85.426424
0.285358
-0.047085
-1.931716
-0.490647
-0.117746
0.061136
-0.654874
0.131323
-0.768346
-1.146875
-1.014924
0.125193
-0.294172
-0.894531
0.307429
-7.052697
-89.167519
-2.005785
-0.295084
-0.668725
0.125890
0.451573
-2.389426
-0.920716
-1.085836
-0.149087
-2.584327
-1.391646
-0.172257
-0.261231
-0.679248
-1.755163
86.444217
-0.949196
0.164780
-0.914762
0.042795
-0.470834
-0.668098
-1.025074
-0.706886
-0.455554
-1.214157
-1.924438
-0.956713
-0.475995
-1.137420
-72.804508
-0.327572
-0.334613
-0.663313
-0.454718
-0.537944
-88.421364
0.193971
-0.619218
0.323535
-1.316537
-0.871553
85.637547
1.622755
-2.779383
-0.375096
-0.249286
-1.755841
-0.956214
-0.980215
-0.377520
-0.238641
0.681598
-0.103500
-0.157630
-0.089794
-1.853219
-0.811754
-1.781561
-90.986493
-0.643649
-1.046794
-0.191585
-0.938341
-2.031272
-0.510159
-0.777332
-0.719332
-5.565981
-0.061393
0.347013
-0.927597
26.336332
-0.246537
-0.577805
-0.532941
-2.459408
-0.244477
0.317355
-1.316845
-1.502151
-0.815896
-0.575083
-0.617237
-0.512290
-1.934662
-0.365006
-0.308165
-48.167248
-0.459081
-0.734038
86.665880
-1.162403
0.137460
-0.748798
-0.113351
-0.275324
87.926847
0.203083
-1.605410
-8.527169
0.036350
-2.594926
-0.486524
-1.296758
-2.345691
-0.504987
-0.956309
-0.395136
0.501373
-0.005694
-93.769593
-86.427364
27.001088
0.431204
-0.043869
-0.091112
-1.146773
0.456641
-0.033887
89.014122
0.780227
-0.184526
-0.316001
-0.165289
0.396344
-0.036984
0.142280
-0.948427
-1.153921
0.012543
-2.226681
-0.862233
-0.480201
-0.365789
-1.021911
-0.390826
-0.710887
-0.479817
-0.353438
-0.693526
38.710688
-0.111529
-0.792926
-0.030874
-0.766106
-0.817651
-0.267238
-0.540836
-1.073582
-0.201247
0.797603
-27.649440
-0.430853
-0.929139
-0.280797
-0.393970
0.062094
84.086512
0.413876
-1.897876
-0.942933
-0.283748
-0.229534
-1.652461
-1.210904
-1.684986
-0.541205
-0.982640
-2.590780
-0.150282
-0.424435
1.537294
-1.213279
-0.956799
-61.932977
-0.794660
-0.786734
-0.694708
0.042593
-0.821517
-0.685162
-0.018253
-5.006544
-0.034832
-0.605556
-36.215580
-1.502815
-0.127908
-0.038541
-0.218410
-0.978497
-0.714078
0.072703
-0.094560
-1.433141
0.166773
-1.022755
-0.740199
-2.627462
-0.255377
-0.158291
-1.667522
-0.516480
-0.353913
-0.690164
0.005494
89.157370
86.979009
-2.668769
-0.503594
0.011472
-0.091155
-0.811930
0.381437
0.244532
-0.638560
-0.123288
-0.312965
0.348647
0.133919
0.017862
85.625256
-0.377637
0.226832
-0.603945
90.187446
-1.001434
-5.652545
-0.277584
-0.205559
-0.571935
0.151025
-0.416183
-2.391695
-0.399788
0.290122
-0.890810
-1.054624
-1.575168
0.287532
-1.193832
-0.385484
0.252863
0.096257
-0.535087
86.842660
0.414761
0.393060
0.335329
-0.162761
-2.951662
-2.260824
-1.061188
0.137135
-0.279213
-0.970833
-88.892211
84.900826
-0.855892
0.267031
73.886075
0.307227
-0.116188
57.652095
-0.879687
0.104886
-0.483855
-0.761158
-0.607383
-71.264537
-1.012936
-0.928072
-0.403260
0.246630
-0.645011
0.484089
-0.553753
-0.880009
-1.129883
-0.955733
-0.741168
-0.193727
-1.330012
-0.458077
-0.180238
-0.573325
-0.741931
0.164079
-0.313765
-0.304929
-1.148028
-0.266746
-0.787090
0.180352
-0.408491
-1.464157
-0.430812
-0.261726
-0.306807
0.106282
-0.197457
-0.128004
-0.279555
-0.842758
0.135007
-1.025886
-0.432726
0.340226
-0.923402
0.349483
-1.584509
0.096628
-0.073811
-0.733849
0.296027
0.224245
-0.101447
-1.077639
0.297498
0.023343
-10.079624
0.109607
21.417175
-0.941748
0.168092
-0.654719
-0.613150
66.677567
0.359556
-0.331159
-1.207332
0.305252
-46.398388
-0.023627
-0.236298
-0.777945
-0.860252
-0.328342
0.000495
-0.692101
-0.469916
85.082686
-0.718276
-0.883240
-2.369247
-0.613328
0.240206
1.097840
-0.786816
-0.474325
0.396642
-1.015535
-1.117288
-0.494092
-0.541681
-72.558271
-0.522371
0.207549
-0.032526
-0.122391
-0.214000
-0.786347
-0.244431
0.323061
-1.195347
0.983998
-0.833724
-0.954155
-1.306859
-0.061249
-1.107315
-0.423718
-0.458902
-1.003742
-0.947865
-0.051216
-0.172674
-1.207454
0.067372
0.504683
-0.261059
-0.497152
9.381462
0.051639
-0.619629
-0.948214
-0.737028
-0.807483
-0.128391
-0.626633
88.989076
-0.698571
-0.209168
-0.549583
-0.013916
-0.048822
-1.265365
-0.853214
-1.266786
0.187371
-0.896465
-1.717851
-0.234284
-0.395555
0.564522
-2.012241
84.885852
-0.605138
-0.028070
-0.923707
-1.231737
-0.878740
-0.077309
80.395091
-0.708214
0.044792
0.140679
0.234513
0.156474
-0.011710
-90.636192
-0.843358
-1.624524
-0.435925
-2.303612
-1.188680
-0.158802
-0.875043
0.095544
0.074695
-0.939348
88.206485
-1.380579
87.565576
0.016817
-86.459441
-0.053504
-0.516095
0.633289
-3.556572
-1.203775
0.277485
0.935299
0.283155
-0.434738
-0.788014
-0.862059
-1.200823
-1.236907
0.379306
-0.537311
-0.095561
-0.296832
-4.272761
-0.936292
-0.181855
-0.057825
-0.063861
-0.711272
-0.446955
-0.928865
-0.086636
-0.150711
-0.336044
-3.000109
-0.472646
-0.329351
-0.261733
-0.774970
-0.316141
-0.697815
-2.500221
81.028544
-4.987219
-1.377499
-0.842271
-0.734191
-6.263190
-0.214127
0.312845
-0.324910
-0.128986
0.010163
-77.573126
-1.638287
-2.292168
-0.890004
-1.398499
-0.338540
0.084608
-0.314692
-1.073108
-0.053617
0.149848
0.086183
-1.005511
-0.914755
-0.456293
-1.180579
-0.291454
-0.592039
-0.280181
-18.943419
-3.056395
-0.602769
-0.111840
-0.493500
0.153264
-0.637171
0.219302
-0.688631
-0.427721
-1.227740
-4.312112
0.434891
-0.155777
-1.176697
-0.851491
-1.365301
-0.279604
-1.209647
-0.136175
-87.455596
-0.369241
-0.792887
0.630616
0.513551
-0.836979
-0.830774
0.208576
-0.286006
-0.358046
-1.056750
0.579526
-0.140695
0.305978
-1.704469
-0.713956
-0.151683
0.056680
-1.110970
-0.316559
-89.388065
-1.050245
-0.369944
-1.592579
0.033613
-0.400231
-60.473591
-0.536362
-3.657293
-0.487069
-0.536179
-0.802070
-0.090377
-0.363113
0.576519
-88.909093
0.479699
-0.706381
-1.047167
0.226520
0.305411
-1.052760
-1.312899
-1.086313
0.001557
-88.735952
0.469863
-3.081177
37.314538
-0.689529
0.044061
-2.583348
-0.451432
-0.963694
-0.683264
-0.335232
-0.532103
-1.331241
-1.077774
-1.479366
-0.457443
-0.564717
-0.525801
-1.082022
-15.689445
-0.376560
-0.818102
-0.199624
0.262829
-0.159160
0.385305
-0.785119
-1.453079
-97.698467
-1.448568
-0.640673
-0.638077
-0.194917
0.414915
-1.875789
-0.173722
-0.732290
-0.034944
-0.732164
-0.778193
-0.320600
-0.105103
0.243160
-0.832942
0.314886
1.301486
0.260333
-0.779217
-1.357007
-3.042400
-1.027700
-0.296546
-0.245080
0.393619
-88.731018
-0.358363
0.565838
0.004809
-1.375016
0.296744
-0.181238
86.432049
-0.000094
0.355562
-0.921199
-0.119711
-0.021255
0.092943
-0.289735
-1.759634
-2.159021
-0.763192
-0.287610
-0.429182
-0.517659
-0.962040
0.455806
-0.626044
-1.202921
-90.269498
-1.073732
-0.866596
-0.622200
-1.295024
0.278805
-0.822262
-0.797316
-0.755699
-0.339685
-0.554067
-0.952942
-0.037296
-0.394415
-0.175354
-2.498477
-0.978602
1.374132
-2.621305
-0.039747
-0.028459
-0.102086
-0.671946
0.183964
-0.904915
-0.953068
0.085384
-0.689212
-1.106852
-2.715328
-1.171767
-0.471237
-84.287889
-0.232503
-0.533127
11.225713
-0.539157
-0.879897
-0.485442
-0.681168
-0.799160
-0.008761
-0.281422
88.503797
-0.239285
0.243656
-0.190768
-88.154250
-0.615049
-1.065017
-0.989241
0.411805
-1.232726
-1.123532
-0.139840
0.166120
-0.279480
-0.470918
-1.407296
-0.802035
-18.496349
-10.623677
-0.610947
0.012973
-77.127332
0.049743
0.176111
-1.110310
0.138540
0.065140
-0.403987
-0.147342
-9.231522
-0.721348
-1.019277
-0.179427
-0.051005
0.013843
-0.344602
-0.586800
-1.012811
-56.015691
-0.134603
-0.998500
-0.411683
-0.508356
-1.954212
-0.636408
-0.042161
1.416935
0.316579
0.120385
-0.736256
-0.509159
-1.712834
-0.654407
-0.178354
-88.681915
-0.984660
55.517699
0.009430
-1.149028
0.646652
2.063823
-1.043046
-0.354183
0.143201
-0.440033
-0.881104
-1.270440
-1.281668
-0.071868
-0.908555
0.320439
-1.212617
-1.371034
-0.200202
87.869180
0.208695
-89.201000
-0.632855
-0.836376
-1.126764
0.132672
-0.496587
-0.704706
-0.640626
0.288073
-0.082642
-1.822875
-1.914449
-0.377519
-0.288135
44.269259
-0.699158
-1.583438
-1.189292
-0.165253
-1.363050
0.191975
0.488449
-1.101484
-0.760389
-0.161107
0.102501
-0.328915
-0.184141
-0.829104
-0.566624
86.787063
-0.827454
-0.279543
0.238174
-0.671618
-0.643376
-1.014264
60.295369
-2.119950
-1.012582
-1.238537
0.526260
0.283302
0.600428
0.433054
-0.977929
-2.233743
-0.453941
-0.484398
-0.860544
0.044274
-0.738030
-0.559999
-0.573394
-3.599110
-84.325663
-87.638164
-2.613772
0.341906
-0.061524
-0.988766
-0.290255
-0.772881
-0.743994
-2.111335
-0.448041
-0.223242
-0.896676
-1.857139
0.098635
-0.441264
-0.888713
-1.497037
-0.139100
0.060255
-0.767494
-0.657762
-0.062758
-2.142727
-57.743769
29.756493
-0.622715
-1.295166
-1.028883
-0.842648
-2.211467
-2.794567
-0.229115
-0.857428
-0.733191
-1.019126
-88.060465
-0.933163
-0.638043
-0.739457
0.021898
0.123658
0.145625
89.578652
-8.255439
-0.192518
11.089339
-1.690363
-68.461391
0.334874
0.559346
0.214572
-1.683720
-0.125699
0.635197
-1.049039
-0.851641
-1.156037
-1.194893
0.795439
-0.158563
-1.014879
-0.609687
88.444163
-0.022578
-0.876995
-0.510594
83.747438
-0.358937
-2.081700
-0.376003
-1.149669
-1.481861
-0.020293
-0.596946
-0.395758
-0.437546
-0.783660
-0.956870
0.507382
0.111284
-0.398447
-0.624883
-1.780759
-28.824252
-0.950017
-1.306147
-0.713463
-0.867890
-0.239898
-1.531989
-0.631079
0.183912
-0.228601
-0.966644
-1.009182
-0.166754
-0.845525
-0.161649
-2.058664
-0.372281
0.576630
-0.708359
-0.024900
0.272338
-0.602492
-0.714130
-2.195260
0.016016
-4.274958
-1.235556
-0.829807
-0.759822
0.225481
-0.595080
0.236372
-1.081948
-4.876084
-0.825037
-1.002240
-1.071777
0.041293
-0.667097
-1.074053
-0.914073
0.017667
-0.772585
-0.507436
0.303100
-0.218637
-0.801359
0.330498
-0.572236
-0.348837
-0.432031
-0.388413
-1.573386
1.749397
-0.769981
-0.827586
-0.098805
-0.077659
-0.004284
-89.877824
0.093282
-5.118745
0.128100
-0.607839
-0.508373
-0.317607
-0.348331
0.147587
-0.562596
-0.514044
1.612821
-0.165457
-0.276208
0.095333
-3.262289
-2.666181
-0.527516
0.187396
-0.042965
0.265192
-0.216695
0.158499
-0.835383
-0.053677
0.816788
0.329228
-1.788915
-0.668656
-0.193920
0.061781
0.074260
-0.255097
-85.911847
-0.661354
-0.262742
-0.059286
-0.065693
0.124234
-78.814039
-0.875536
-0.806677
-0.704357
1.077154
-24.410614
-1.073929
34.742631
-1.651994
-2.177276
-0.142066
-1.148794
-0.447541
-1.432715
-1.749535
0.031591
-0.783440
-0.501649
87.960311
-0.587556
-1.297440
-88.871147
0.438043
0.336882
-0.961436
-0.401247
-0.230511
-0.461156
-0.477390
0.290440
-0.394172
0.239989
-0.623283
-0.288413
0.725282
-0.826144
-0.622577
-0.130138
-0.780315
-0.629683
-0.429747
-0.447723
-0.269805
-1.443140
-1.036963
-0.613290
0.025920
0.099205
-0.806713
-0.441306
0.011543
-0.299795
-0.550914
-0.278504
0.215075
-2.325228
-0.566364
0.674067
-0.669903
-2.499961
-2.414805
-0.329176
-0.506072
-0.706400
-1.014097
-0.637195
-0.103854
-1.794784
-88.997188
-0.703056
-0.059931
-0.038267
89.045596
-91.370152
-0.521074
-0.126429
-0.195607
0.375648
-0.822653
0.324767
-42.640253
-0.403830
-89.000382
-0.787904
-45.263511
-0.469903
-0.076046
-0.994203
0.255757
-0.487901
-0.565724
-0.864713
-0.675162
-0.314570
0.253429
1.215778
-2.788308
-0.144460
-0.064750
0.108393
-1.556093
-0.572774
-0.388891
-0.540575
86.188350
-0.394373
0.476553
-0.655380
-88.066110
-0.937491
76.232475
0.529297
-0.889619
0.576626
-1.027061
0.233168
-1.207354
-1.515848
-0.119925
1.142376
-0.246170
-0.163960
-1.418471
-0.441627
-0.897473
-0.069417
-0.296751
-0.939187
-0.111647
-0.963926
-1.978656
-0.923143
-0.271095
0.146904
-0.028409
-0.463495
-0.457342
-0.273417
-0.414688
0.063079
-0.262624
-3.887083
0.299746
-3.327077
-0.251271
-0.661091
-0.737788
-0.174011
-3.531496
-0.166538
-2.133795
0.842150
-0.740300
0.358232
-0.238102
-25.282867
-2.709956
62.747731
0.050101
0.033262
-0.153703
0.280398
-0.362721
-0.180292
-0.454550
-0.012609
-0.404746
-0.580147
78.786143
-0.165891
-0.520064
-0.955276
0.329103
-69.244452
-2.042398
-0.641346
-2.228621
-1.686260
-1.886573
0.145123
-0.778931
-0.900755
-1.720117
-1.360761
-1.405309
0.132028
-0.143916
0.226811
-1.131213
-44.510353
-1.352566
-0.558027
0.155094
-0.825274
0.019604
-1.429794
-0.663877
-0.296357
-0.087732
-0.548468
-0.380379
-0.504069
-1.453835
-1.113060
0.375334
-89.706096
-0.763976
-0.601314
-0.194532
-0.868849
0.457355
-1.282602
0.078489
-1.688814
-1.395902
-0.310829
-0.978692
-0.414827
0.373617
0.371121
0.634543
-0.098257
-1.286840
-0.260177
-0.167976
-1.673267
40.662595
-27.677126
-0.590254
-0.264258
87.723282
-1.065506
-0.279653
-0.768836
-1.021818
0.158768
-0.160852
-34.784549
-0.532378
-0.617586
-0.420869
-0.063437
0.147607
-0.135791
-0.232090
0.377535
0.298497
65.112303
-0.302298
-0.050735
-0.520474
-0.150382
56.307082
0.031816
-0.927560
-0.569155
-0.829166
-0.896688
-0.400054
-0.339085
-0.678278
-0.611627
-0.425905
-0.107811
0.158398
-2.699584
-0.986557
-0.115092
-1.039683
-125.630158
-0.669586
-0.000227
0.023878
-1.680708
-0.194041
87.914078
-0.451353
1.435010
-0.265933
-3.982062
-0.972878
-2.623585
-3.394678
-0.867948
-0.535081
-0.072164
0.192419
-0.862917
0.032416
-0.626080
-0.339421
-0.479059
-0.209182
0.000082
0.111120
-0.849391
-0.670128
-2.542427
-89.673210
-0.295988
0.395765
-1.040436
-0.516137
-1.004685
-0.489870
86.185573
-0.940100
-0.441459
0.554719
-1.422760
-0.076627
-8.646861
-0.716192
-0.063671
0.056036
0.394839
-0.487573
-4.267082
-0.968531
72.214992
1.154471
-0.802986
-0.000080
-0.250508
-0.482394
-0.602986
26.706615
-0.625883
-0.343885
-0.520348
-0.476929
-0.725290
-1.139614
-2.108114
-1.122048
-0.577563
0.416300
-0.714657
-1.454698
-87.061195
-0.822991
-0.959568
0.087386
-1.564942
-0.881725
-0.979108
0.084860
0.381809
-0.258571
-1.159719
-1.098121
-0.172420
-3.433278
-5.081174
0.518540
-0.863299
-0.368042
0.379087
-0.429502
0.162967
-1.988489
-0.059711
-1.128544
-0.525378
-1.140765
-0.315933
-0.098039
-0.316470
-0.484763
-1.055528
0.168732
-0.163007
0.709699
0.756899
-0.002780
-0.739566
-1.184528
-0.302025
87.800720
-3.305792
-0.529530
-1.212266
-0.954661
-0.546042
-1.750350
-0.072748
61.160676
0.523336
-0.520475
-0.600751
-0.972250
-0.026597
-2.921612
-1.263341
0.333250
0.133363
-1.450797
-0.758669
-0.699680
1.229203
-0.410650
0.683391
-0.367988
-2.076833
1.561111
-1.922464
0.407282
0.068301
-0.203316
-1.932783
87.502178
-0.736359
-4.532271
-0.155705
-0.001395
0.252944
0.400257
-3.416560
-0.956806
-0.386206
-0.590783
-0.986733
37.607753
-28.296017
-0.938716
-0.456528
-90.446015
-0.775755
-1.287888
-1.047146
0.084318
-86.834085
-0.263831
-1.724662
0.514987
-0.282649
-3.271511
-1.044397
-0.902245
-0.737698
-1.572239
48.565587
0.033252
-1.463368
-0.214916
-0.909757
-2.121289
-0.333098
-1.037892
-89.955176
-0.460543
0.053825
0.306191
-1.690619
-1.043675
-2.402843
-0.514686
-2.065195
-0.214381
-0.337992
-2.307538
-8.972606
-0.144397
0.013287
-0.128137
-0.608345
-1.126179
-0.629225
-0.303865
-0.184154
0.192912
-0.594029
88.061916
-3.322766
-0.413461
0.228887
-0.716699
0.281325
-0.692921
-0.672670
-0.289213
0.060479
-0.292233
0.805371
-0.712566
0.206655
-1.418148
-0.102978
-1.291039
-0.924793
-1.192579
0.185965
0.466932
0.001839
-0.140855
-0.576195
-0.319001
82.807632
0.520189
-0.378102
-0.626464
-0.373521
-0.007173
-0.653113
0.514846
-0.593793
0.026896
-1.005640
-5.125816
0.063169
-1.315130
87.547149
-0.092971
-0.968332
-0.012020
-0.838915
-0.673938
0.499505
-1.473298
-0.817811
-3.256789
-1.245192
-1.493530
0.267182
-0.604857
-0.819366
-0.537343
-0.404506
-0.181316
-0.244247
-0.058387
-0.375448
-0.793111
-1.659910
86.685517
0.518765
0.004315
-0.270510
0.229065
0.213572
-0.294497
-0.352848
0.528738
-89.977468
-0.555948
-0.647350
-2.128245
-0.148972
-0.575606
-1.792290
-0.941034
-0.510577
-1.377948
-0.074362
-0.904287
0.269083
-0.117370
-1.234646
0.342290
0.072028
-0.548701
22.031153
-1.160775
-0.049180
0.057090
-0.401842
-0.017263
-0.856245
-0.111436
-0.412432
0.236778
-1.758854
-0.227428
-1.440897
84.754821
0.210283
-0.763588
-1.390839
0.298771
-0.430589
-0.261949
-0.797252
-1.035233
-0.610572
-0.497485
-0.257411
-0.125269
-1.742544
-0.561069
-1.687387
-1.151528
-0.345622
-2.087110
0.048582
-0.711922
-0.383248
-0.799239
-1.677870
-0.346455
-1.302099
-0.641130
0.406078
0.222100
-52.354435
0.314820
-0.445036
-1.747963
-2.964264
-0.259233
0.346389
0.129732
-1.621162
-1.111878
-0.727098
-1.246002
-0.664579
-0.263264
-0.506158
-89.093222
-1.638540
-4.082596
-4.205957
-0.738137
-0.737936
-0.282540
-3.050671
-0.001707
0.468121
-0.298146
0.024656
-0.172422
-2.101639
-0.549285
-9.134209
0.117684
-0.313595
-1.067975
1.040322
-2.718074
-0.122299
0.075377
0.518504
0.402760
0.047671
0.016128
-0.832749
-2.015096
-0.518202
-0.729479
-1.301286
-1.285026
-86.358661
-0.760840
-0.115744
-0.052541
-0.728882
-0.801708
-0.290569
-0.129243
-0.554123
-0.218960
-1.302676
-0.342880
-1.568903
-0.689354
-1.089193
-87.136799
-1.468438
-0.737515
-1.360025
0.532183
-1.781472
-0.388427
-0.948984
-0.079242
-0.384064
75.538107
-129.355500
-0.740303
-89.341100
-0.505951
-2.913506
0.097873
0.168380
-0.273525
-0.325211
-0.397312
-0.296301
-0.414555
-0.606349
87.563889
-0.611528
0.690435
-1.790911
0.354972
-1.913473
-1.181802
-0.864119
-1.515201
-2.193541
45.654026
-0.346894
-1.788743
-1.571087
-89.252502
-1.198642
0.235197
-0.847555
0.472923
-1.381823
-62.969078
0.056261
-2.566767
-3.522012
-0.371768
-0.278445
-0.045619
-0.454542
-0.403365
-0.216589
-0.513875
-1.331456
0.009323
-91.594051
-0.119134
-0.216634
0.404984
0.132212
-0.926117
-12.082776
0.417595
-0.677650
-1.788160
-0.122893
-0.035707
-0.047698
-0.588980
-0.741095
-0.173214
0.084729
-1.125759
0.105108
-0.701502
85.252979
-1.931299
-0.182649
0.109113
-0.212452
0.303584
-0.804076
-66.281163
0.186911
-0.437437
-0.328728
-1.254874
-0.563225
-0.449419
-1.519105
-0.235324
84.598074
-0.145064
-0.277926
0.280518
-0.511393
-1.240349
-0.539477
-1.711039
0.382490
0.691931
-0.195794
-0.124967
0.114935
-1.901046
0.050372
63.810793
-1.127048
-0.888988
-0.142780
0.666592
0.160107
-0.249067
-1.616055
-0.375044
-0.928958
-1.370339
-0.300437
-0.299975
0.205266
-1.438285
0.433731
-0.239934
0.029267
-0.817968
69.798189
-0.795846
-81.908997
0.740476
-1.076914
0.331908
-0.102228
-0.808187
0.156692
-87.749506
0.693632
-0.779619
0.310107
-0.196552
-0.322107
0.949364
-0.306374
0.206345
-0.176125
-0.536865
-0.829881
0.246192
-0.217210
-1.102849
-0.186538
-1.889630
-0.546759
-0.574819
-0.846340
-1.208264
0.462795
0.015211
33.072761
-25.902803
-0.656434
-0.268298
-0.329150
-0.790996
-0.490386
0.176809
-0.533944
-0.366194
84.868546
-0.063115
-0.312915
-0.836031
0.030430
-1.203060
-0.305162
-26.356399
-0.249647
-0.082581
-4.163611
-0.592615
86.254744
0.131923
-0.099617
-0.282948
-1.206283
-0.722915
-0.624066
-0.552917
-0.678724
-1.191859
-0.767824
-88.667746
-0.845950
-0.958133
0.092297
-0.323197
0.013149
-4.242309
-1.306531
-1.104826
0.115169
-1.068452
-41.719794
43.697325
-0.282626
-0.022736
0.073338
-1.308529
-0.163584
-0.623662
0.333651
-0.278346
-1.564427
-0.287411
1.048216
0.263466
-1.219529
-1.238902
-1.232679
0.073589
-0.629138
0.127466
-0.444555
-0.073950
-0.933623
-0.644591
-0.342051
83.842611
-0.486388
-0.296562
-0.443823
0.184277
-0.362499
-0.873472
-0.308191
-0.445676
0.213328
0.692574
-0.545996
-0.060129
0.549917
-1.746109
0.037596
-1.795318
-0.365904
-0.438704
-0.469711
-0.242979
-0.822119
0.466639
-0.802201
-1.644765
-0.357856
-0.626847
0.179599
-2.210324
-0.742774
-1.359242
-1.168503
-0.775775
-0.369857
0.084860
-0.273167
0.123816
-0.050019
-0.950568
0.181167
-2.753605
-1.367314
-1.023398
-1.381762
-0.339068
87.746696
-2.685283
-96.112136
-0.367466
-0.127504
-0.235390
0.058514
-1.336329
-0.786655
0.110287
0.139965
-0.475276
0.329750
0.037486
-0.076080
-0.525986
-0.581704
-0.275382
1.005465
-2.322100
-0.077884
0.047559
-1.648664
-1.153930
-0.428697
0.488051
-1.404995
-0.520429
-5.967119
-1.097201
54.028390
-1.226458
-0.339933
-0.196743
-0.553493
-0.018331
-0.449055
-2.044537
-0.500899
-0.259842
-1.688109
0.368811
-0.888934
0.318465
-0.354269
-0.535104
-3.962220
-1.098037
-2.100757
0.199359
-0.022811
0.256584
-0.659827
-1.289010
0.254034
-0.679636
-1.700432
-0.565719
-0.525126
-0.576240
-1.695199
-0.654239
-0.007013
0.090451
-0.066381
-0.200079
-1.407795
-0.781743
-1.075985
-0.394551
-1.197649
-3.334167
0.408253
-0.522847
-3.919299
-0.699773
-0.395785
-0.302657
54.488024
-0.232768
-0.304028
-0.197046
61.348285
-0.203707
-0.600109
-5.022414
-0.355997
-1.571484
-0.197969
-0.775029
-0.242280
-0.794460
-0.509719
-0.698813
-1.933993
-0.967708
1.410092
-1.887041
0.360917
0.285453
86.797408
-0.306595
-0.841736
-0.138999
-0.918655
-0.617612
-3.928471
82.619051
-0.265718
-1.522289
-1.177787
0.934771
-0.420749
-0.338633
-0.125853
-1.813566
-0.899068
0.526357
-1.145126
0.885965
-0.055865
-0.477988
-3.454672
23.887836
-1.019794
-1.641656
-0.810192
-0.950966
-0.443910
-2.185382
0.105113
0.530194
0.186132
-0.741274
-0.671915
0.120206
-0.353350
-1.057072
-0.306360
-0.766158
-0.915825
0.209740
1.589299
-0.051999
-0.829878
0.960505
0.254793
-0.667204
-0.919660
0.051606
-0.646750
-0.994009
-1.426749
0.161209
0.268373
-1.074025
-0.946999
0.106574
-0.451353
-0.465337
-0.149165
0.211461
-3.830298
-0.157813
-0.552189
0.524136
-0.091521
-0.912823
-1.231898
2.237682
-0.341897
-0.049849
0.452915
-0.183015
0.057056
-0.777989
-0.538079
-0.345512
0.646748
0.309672
-0.956302
-0.318527
-0.431098
-1.231000
-6.692514
0.630623
-0.055743
-0.676562
-1.742579
-0.453721
-1.302502
0.142727
-0.997087
-0.739244
-17.969299
-0.716821
-0.476883
-0.753940
-0.011781
-0.366419
-0.382872
-0.019698
0.113341
9.642237
-1.650432
-0.662899
-0.218073
-0.635407
-0.046612
-0.156474
-1.464727
0.344505
-1.302260
-0.022554
-0.121298
47.242450
-0.212283
-0.585486
-0.480398
87.199012
-0.654900
-1.076770
-1.067762
-87.422355
-0.551722
-91.263359
-0.438891
-89.785438
-0.782820
-0.057424
-1.318921
-0.226497
-1.338596
-0.612752
-20.414471
-0.678936
-0.434098
-0.261344
-0.476287
-1.102834
0.081755
82.748894
-3.164474
-0.449532
-0.273319
-0.929123
-0.643236
-0.258672
0.420543
0.360001
-0.114306
-0.446171
-48.374574
-0.146107
0.443254
0.340802
-0.268224
-0.284989
-0.761148
-0.166513
-0.390732
0.373888
-6.718440
-0.279849
0.033107
86.752333
-0.380621
-0.169980
-1.356934
-0.357984
-0.389923
-0.216434
-0.565955
-49.649297
0.061481
-86.980169
-1.330766
-0.750175
0.144697
-49.333109
1.260756
0.403404
0.124353
-88.670625
-1.022867
-0.172865
0.036971
-0.024103
-1.123765
-1.683693
-1.752852
-0.594491
0.257322
-0.410233
-0.690804
-0.320661
-0.408062
-0.030133
-30.513344
-1.281746
-89.668210
-1.240037
-0.321797
-0.872167
-0.238382
-0.003734
-0.790420
-0.458832
0.082259
-0.432312
0.392124
-1.850981
-0.070674
0.098114
-0.032562
-2.617806
-0.359654
-0.767846
-0.913076
-0.269555
-0.532367
-0.032264
-1.054905
-0.537083
0.401097
-0.658406
-0.302560
-1.542407
-4.523032
-0.333984
-0.892452
-0.924930
-1.320124
-0.542648
30.388589
0.317535
-0.493133
-0.495355
-0.586443
0.498059
-0.432716
-1.127826
0.349542
-0.760404
0.282913
-0.212990
0.370160
0.434117
-0.681970
0.246516
-0.194969
-75.802483
-47.370774
0.725066
0.617084
-1.003075
-0.570680
0.137138
-0.877196
-1.282585
-58.937690
-1.835817
-0.024311
-0.592360
-0.347677
-0.963176
-0.511018
-1.171005
-0.719678
-2.788395
-0.747757
-1.151921
-1.791919
-1.298332
0.532071
-2.006330
0.219180
-0.487006
-0.392575
-0.386198
-1.245309
-0.996541
-34.723510
0.006708
-0.843665
-0.726841
-0.104017
-0.401869
-2.498981
-1.104823
-1.133487
-0.629872
0.382013
-0.310244
-0.274059
-0.607471
-1.443741
-0.145927
-0.636708
-0.887089
-0.627190
-0.571247
-0.362953
-0.751243
-0.582747
-2.155935
-1.223926
-0.520929
0.010124
-0.271231
86.184085
-0.890444
0.146871
-0.248923
-38.937693
-0.288027
0.673564
-0.276941
-0.669188
-0.777129
0.381550
-0.240951
0.531729
-1.139939
-54.882445
-0.037421
0.436060
-0.595780
-0.161567
-0.307242
-0.963023
-1.592777
-1.068848
-0.017124
0.039715
-0.934838
-3.020503
-0.747251
-43.373253
-43.778291
-0.456128
-0.191398
-0.300208
0.528534
-0.343866
-0.232887
-0.374533
-1.452834
-1.219031
-1.595566
18.792686
87.923400
-1.140412
-0.313563
0.314340
-1.158989
-0.986632
-0.713757
0.173005
-0.432563
0.256272
-88.207278
0.387684
0.365014
0.233832
-0.744253
-0.717867
-0.778475
-0.855169
-1.030177
-0.006328
0.045879
-0.736634
-2.974770
-1.380587
-1.783258
-1.318917
-0.407126
-0.762847
-0.399635
-0.490637
1.927658
0.577050
-0.158468
-0.123628
56.060785
-0.759351
-0.829056
-0.173358
-0.618850
-0.363661
-74.016234
0.101133
84.476428
-24.553564
-0.770406
-1.328154
-76.831297
-1.924921
-0.503135
-0.652678
0.514282
0.487676
-0.529965
-0.498806
-0.301321
-4.261089
-1.805525
-1.201968
-0.860956
0.561329
0.756781
0.071096
-0.288793
-1.874251
-0.500433
0.325609
-0.379489
-0.265046
-0.585709
-0.268609
-0.408189
0.368273
-1.329642
-0.374520
-1.248896
-0.594354
0.083230
-0.947906
73.035935
-1.009850
-2.367195
-0.843277
-1.842499
-0.017506
0.558525
1.026965
-0.162447
0.095399
-0.787064
-0.475131
-70.474850
87.968765
0.164878
-0.921769
-4.516518
-0.307773
-3.514711
-0.878949
-0.530302
85.663336
-1.023804
-0.229479
0.242699
-0.947057
-0.030511
-0.423854
0.076214
-90.928384
-1.498497
73.904840
-0.726463
-0.766148
0.206580
-0.271093
-1.159014
-2.986870
-1.625196
0.456396
-0.190368
-1.586335
-0.372989
-0.031457
-1.267737
-1.488783
-0.130605
-0.524426
85.071965
-0.223126
-0.604091
-0.193651
-0.043170
0.339114
-0.534308
-1.023435
-1.040785
-1.222395
-2.153954
-0.785355
-0.984379
-0.810822
-0.940616
0.094169
-0.333677
0.462415
0.122208
-1.688053
-0.801842
74.549155
-0.165991
-0.082602
0.299160
-0.132486
-0.665322
0.172579
0.964103
-1.641212
-2.517667
0.875306
-0.431134
0.466150
-0.830680
0.382798
-0.445302
-86.957185
-89.565035
-0.686610
-0.678893
-1.279893
-1.104563
0.083989
70.638333
-1.063383
-0.207797
0.015192
0.247694
-0.377487
0.098295
-1.273860
0.330127
-0.823918
-0.565238
-0.316187
-1.575890
-0.306028
-0.979627
-0.146748
-0.609128
-1.145761
-8.513197
-0.772482
-0.425446
-0.969587
-0.933738
-0.984564
-0.169651
-0.144686
-0.855249
-0.793156
0.085596
-0.578282
0.154389
-0.830688
-0.268561
0.127484
-0.794362
-0.738044
-0.795382
-0.202854
0.393447
-0.617243
0.637852
-0.764237
-1.753901
-0.205108
-1.047063
-1.863762
0.299316
-0.348938
-0.788975
-0.091345
-0.036108
-0.115286
-0.344083
-0.256168
-89.758922
56.358010
-0.372278
0.600665
-1.338191
-0.268800
-0.478717
-0.887199
-0.843819
-0.832130
-0.750586
0.538046
-0.480561
-0.234670
0.463526
-0.116769
-0.627984
-1.700046
-2.168319
-48.936766
-1.296544
0.174174
-0.291068
-0.512548
0.542455
0.360670
-1.357791
-0.433848
84.952679
-0.205766
-1.238192
-1.330057
-0.573193
-0.446865
-0.902979
1.307811
0.041917
0.234436
-1.180669
-0.197783
-0.307578
-0.563391
-1.066238
-2.717301
-1.094727
0.088885
0.277815
-0.175858
-0.536368
-0.517133
-84.093773
-0.459285
-1.465989
0.100250
-0.261141
0.379376
-89.831621
0.021298
-1.285215
-0.732891
-0.655730
-0.631504
-89.889338
1.122620
-0.027606
-0.750266
0.313823
-0.310188
0.380488
-0.792184
-1.793816
-0.637884
85.810494
0.090940
-0.801329
89.268411
-0.846394
0.841994
-0.486424
-0.390565
-0.066041
0.238252
0.061830
-1.761299
-1.056306
-1.581984
-1.332804
-0.280861
-1.198331
-0.870723
-0.234630
-0.426916
-0.527553
-0.111199
-0.301063
0.276191
-0.492715
-1.418757
-2.148799
-0.492392
0.159716
0.074753
0.262516
-2.528139
-0.314415
-1.045150
-1.005389
-1.142305
-0.132667
-1.087987
-1.514583
-0.899543
-91.358216
-0.781807
-0.432386
-0.617394
0.539410
-1.608666
-1.582897
-1.034087
-0.588420
-1.074970
-0.540925
-0.357560
0.428086
-0.095054
-0.466189
-0.935876
0.213881
-0.323015
-0.419138
0.278394
-0.259488
0.061720
0.252542
-0.207409
-0.450680
-0.214194
0.895631
-1.762311
-1.939977
-1.578875
-0.257026
-1.109866
-0.019123
-0.799007
-0.627176
-0.869037
0.280895
-1.326729
-0.040455
-0.893465
-1.117625
-74.509373
-0.328085
-1.581184
-0.825470
-2.413593
-0.773828
0.366866
-1.665665
0.324365
-0.772111
-1.936152
-0.805377
0.020895
1.057079
-1.595944
-0.767411
-1.025570
-12.622177
-0.739011
0.287775
-0.508592
-0.899528
-4.213387
-0.000807
0.161909
0.726430
-0.300102
87.523864
-0.345173
-0.560172
-0.002434
0.349732
-1.640617
14.015114
-0.528427
-1.135722
-0.729712
0.827872
-0.864141
87.838732
-3.290672
43.784648
-0.044595
0.022364
0.459171
0.073871
-0.483549
-0.584268
-0.081931
-0.827971
0.498354
-0.728233
0.503545
-0.258208
-1.156129
-0.485195
-0.521473
-0.892707
-0.141510
-1.311016
0.130712
-0.205267
-83.391209
-1.295565
-0.511124
-0.150240
-1.213363
1.114783
-0.978723
-1.245914
-0.670943
-0.116879
-1.646816
-0.247601
-0.481345
-0.614409
-0.730646
0.319569
-0.720969
-0.278632
-0.013708
0.320365
-0.785028
0.622202
-1.525887
0.169424
-1.665879
-0.298860
-1.334134
-0.696462
-0.033951
-1.474085
0.073894
-1.737281
0.224679
-0.379314
-0.434015
-0.747227
0.063913
0.054558
0.110937
-0.618645
-0.000683
-0.858458
0.266311
-2.566676
-2.165536
-1.023918
0.326976
-0.698544
0.236727
-1.016801
-1.889247
-0.197117
-1.072632
-0.275525
0.093557
-3.394300
-0.708460
-1.131045
-0.445119
-0.198330
-0.618026
0.191960
-0.341750
-0.040759
87.527034
-1.061102
-1.000567
-0.076250
0.066237
-0.387576
-0.689430
-1.089195
-1.285540
-0.404393
-0.830229
0.347483
-0.524280
-17.014032
-0.825168
0.143351
0.138267
0.005233
0.102627
-0.984218
-0.622906
-0.578403
-0.265161
-0.291186
-0.133227
-0.182996
-0.185712
-1.308925
-0.238165
-0.897855
-0.659912
-1.680944
-0.220169
-0.139969
87.062954
-0.614247
-0.741266
-2.493259
79.749790
0.058563
-0.139286
0.369695
-2.436047
-0.958374
-0.005711
-1.082381
-1.826702
-0.416270
-0.707425
-0.404189
-0.050314
0.577251
-0.705006
0.178356
-87.967324
-0.782314
0.055449
-0.906312
-0.207926
-1.908336
-0.772248
0.777747
-4.529822
0.281103
-0.421729
0.753894
-0.994499
0.585874
1.270020
0.378459
-0.273529
-0.925134
-0.702475
0.527962
-1.269423
0.044056
-0.322416
-0.295534
-0.371867
-0.904066
87.129205
-0.492305
-0.210268
-0.541667
-0.831441
86.624295
-0.274155
-0.651318
-0.036648
-0.278286
-1.779920
-0.811610
-0.859551
0.051504
-0.520491
-0.547563
83.193262
1.228589
0.726166
-0.394346
84.173729
-0.292340
-0.552777
-0.076197
-0.526741
-1.005985
-1.568406
-2.061537
-0.952467
0.493136
-0.342090
-0.308298
-0.917744
0.546214
-88.137891
-0.266237
-2.069526
-0.554183
-1.085269
-0.160328
0.058882
-0.131350
-0.480268
-0.066374
0.091212
-2.620120
-1.344002
-0.758006
83.009792
-2.080863
-0.043093
-0.705778
0.855003
-0.908814
0.095591
-0.947296
-1.049106
0.068538
-0.708283
-0.285818
-1.292926
-0.105749
-0.248844
0.093029
-0.122787
-0.920679
-2.066781
-0.757883
-0.892445
-2.017809
-88.817263
-0.062572
-0.466301
0.627872
-1.304606
-2.126636
0.669540
0.381019
-2.155381
-0.583194
-0.142429
50.393077
-0.440432
-0.687312
0.690893
-0.577839
-0.044706
0.182997
-0.561774
-0.109662
0.660016
-0.673205
-0.853764
0.057774
-0.945414
-89.569500
-0.723305
0.004987
-0.907131
-2.889592
87.483249
-0.891194
-0.809556
-0.076597
-0.000625
-0.791414
81.038632
-0.764117
-0.088285
-0.614471
-78.787345
0.376655
-1.502338
-0.282349
-0.691930
-87.253119
-1.119514
-1.431399
-0.725081
-0.674797
-0.339873
-1.328213
-0.199915
0.275160
0.147912
-0.429352
0.415655
32.927691
-0.947298
-0.382147
-1.679189
-0.138253
-0.097132
-0.724398
-0.033004
-0.142481
0.029870
0.121426
-28.760543
0.089878
0.025279
-0.397153
-0.409250
-1.936084
-0.087912
0.257731
0.331535
-0.803932
-86.768163
-86.063031
-0.342706
-0.493205
-0.859627
-0.767598
-0.694086
-1.575587
0.361637
-0.020168
-0.242114
-1.647842
-0.690744
-0.862617
-0.662917
85.689459
-0.665106
-0.396499
-0.719492
-0.404434
85.255226
-0.102374
-1.502330
-13.777600
-0.561748
0.319069
0.178295
83.041123
-0.610445
-0.175048
-0.134727
-0.235940
-1.988524
-0.156311
-0.628628
-0.044644
-0.563238
0.085627
-0.329175
0.614222
-5.699105
-0.514308
-0.056452
-0.874558
-0.261184
-2.836265
-0.883164
0.528661
-92.219845
-0.488097
-0.978290
-0.443695
0.682456
-86.909702
-1.408227
-0.778325
-0.535121
-0.045521
-0.342788
79.554947
-0.633562
86.365541
-0.908124
0.026382
-0.544510
-0.052044
0.408105
87.729410
0.278335
0.104498
-0.041202
-0.250087
-0.732519
-0.519276
82.028097
-1.441802
-0.585135
-0.398781
-0.545645
0.119504
-75.916184
-1.116275
-1.790401
-0.697036
-0.598159
-1.551264
-0.840457
-0.307488
-0.666373
-0.125143
66.657233
-92.492127
-0.548439
-1.472638
-1.365554
-0.054075
-0.905304
0.738391
-1.374994
0.282427
-1.275307
-0.025112
-0.129594
-0.382936
-0.085698
-2.003683
-1.380643
-0.094942
-0.352727
-63.098559
-1.039026
-0.845685
0.049169
-0.820571
-0.723184
-2.362846
-0.159436
-90.370832
0.077166
-0.947135
0.099879
0.142669
0.323720
85.644775
-1.366923
0.073094
0.156502
-0.439053
0.249435
-0.481573
0.042372
-0.726887
-0.714975
-0.550013
0.038511
0.622583
-0.429742
0.091308
-0.231023
-1.210824
-0.862219
-0.935640
-0.592135
-88.367264
-0.655384
-0.810520
0.353053
-0.516250
0.088643
0.657962
0.911677
-0.335587
-0.556499
83.331985
-0.059262
-0.096019
0.431218
-0.520980
-0.335304
-0.465289
-0.014850
-0.313197
1.133319
1.285659
-0.388204
-0.718897
-1.337956
-88.687534
-0.871295
-0.123666
-0.690664
-0.500774
-0.347777
-0.372328
-0.559491
-0.285628
-0.433475
-0.123244
-0.512170
-0.147344
-88.393145
-0.240844
-0.778426
-0.301998
-1.293551
0.751876
84.462706
-0.519668
-1.223472
-0.229212
-0.647062
-0.611046
-0.208574
-0.932459
0.390416
-1.498714
-0.476736
-0.676801
-1.197494
0.083072
-0.927970
-0.401056
0.136571
0.108135
-1.061137
-0.226767
1.844209
-1.606122
-0.645918
-15.957049
-0.737869
86.204581
-0.544972
1.439545
-0.849272
-0.984109
-0.333766
-2.733411
-0.819335
-0.387911
-1.027689
89.740472
-0.543759
-1.108019
-1.285843
0.472973
-0.509623
-0.791610
-0.078514
-80.181489
-1.254011
-0.825920
88.433525
-0.777705
0.697517
-1.763208
0.469484
-0.589891
-1.425312
-1.693362
-1.000402
0.533014
-1.430224
-1.176875
-1.174190
-0.012089
0.224613
-0.544050
-0.901493
0.623203
-0.877563
-0.590000
-0.759021
-0.228123
-1.283062
83.632407
-1.105210
-0.360896
-0.520193
-4.123018
-0.858070
-0.379280
0.245002
-0.279489
-1.084371
0.376802
-1.726095
-0.491800
-1.001254
-0.501299
-0.103966
-1.804833
-0.861471
0.796462
-0.968601
-0.340386
-0.439688
-0.645163
-3.129017
-0.464623
-0.070228
-0.787279
0.221898
0.214182
-0.935957
-0.642286
-1.286959
0.119379
-0.371537
-0.878370
-1.142517
-1.255624
-0.943950
0.275634
-0.748652
-2.320354
-9.146375
0.180767
1.024724
-0.543736
-0.673007
0.238834
-0.054541
0.041336
-0.261312
-0.936455
0.383638
-0.247358
0.524680
-0.173564
0.228572
-1.593577
-1.753925
-1.336012
-0.787901
0.628123
-1.037461
0.635950
-1.367306
0.103630
-86.573665
-0.612981
-1.711285
-78.461580
-1.184416
0.313641
-1.660601
87.929527
-0.390153
-0.113178
-0.792603
-0.514840
-1.073695
-0.806913
-0.047749
0.042592
-0.426522
-1.110491
-90.142786
-0.364730
-0.732688
-0.643695
-1.325352
-0.082206
0.148414
0.402712
0.669280
-0.201820
-0.681640
-1.083323
-0.941443
-0.922950
-0.492833
-1.429473
-0.029551
0.533459
0.133873
0.269251
0.036344
0.262936
0.019759
-0.396966
85.544347
-0.401540
-0.542176
-37.357348
0.173115
-0.207108
-0.707753
-0.567474
89.156958
-0.866221
-1.000748
0.144683
-1.058244
0.268498
-1.798036
0.368704
-0.617015
-0.981824
-89.514502
-0.807549
-0.175628
0.074537
-4.107981
-1.259486
-0.155351
-0.538111
-0.093113
-1.081345
-0.067025
0.031554
-0.243746
-0.337308
-0.498684
-1.177314
-1.223448
-0.328855
-1.259634
-0.805442
-0.166771
-0.456612
-0.708682
-0.460543
-1.169699
0.075860
-2.537088
-0.349871
-0.958146
-1.007096
-0.457276
-0.669215
0.359007
0.139080
-0.500050
83.300214
-0.049623
85.898259
-0.232874
-0.483266
-0.464564
0.227929
-0.072951
-0.419188
-0.723228
-0.188982
-0.342121
-0.569461
-0.115540
-0.817516
-0.735223
-0.884577
-0.793579
-2.064821
-1.177563
-0.705037
-88.385204
57.839553
-1.724486
-0.632520
-0.125751
-0.779305
-0.176510
-2.481083
0.380449
-0.089368
-47.048270
-0.665195
-0.613932
-1.256337
-0.191287
86.331132
-0.069960
-2.070582
0.401455
-1.535216
-0.599281
-0.395194
-0.229361
-2.247940
-0.110285
-0.498165
0.189438
29.658724
-1.495711
-1.384726
-0.856640
-0.580920
-41.373697
-0.310766
-0.808749
-1.067929
0.323585
0.128539
-4.005667
-2.099927
0.146104
-1.815947
-0.806291
-0.567413
0.125199
-0.580332
-1.204654
-89.288304
-0.364602
0.557657
-0.022671
0.184516
-1.047781
-0.168808
0.342059
-0.445601
-0.118161
-0.665588
-28.057418
-0.712167
-0.518429
-1.463817
0.189142
-0.948749
-0.386678
-0.024996
-0.761416
-0.420921
-0.396246
-1.859900
-1.097390
0.207358
0.004934
0.258332
0.224166
-2.951937
-0.191804
0.193340
-0.515118
-0.667913
-0.275727
88.566523
-0.788981
0.455581
-0.376640
-0.395325
0.583331
-1.431231
-0.528328
0.159858
0.144438
0.490229
-0.792674
-0.624534
-75.372895
-2.288375
-2.810771
-0.750732
21.748875
-30.509671
-0.625210
-0.346633
0.274273
-0.841662
-0.520130
0.099726
-1.756408
0.105969
-0.731010
-0.129787
-0.427276
-0.561008
-0.733799
-0.147164
0.227435
-1.389430
-2.799612
0.395233
-90.199219
0.124311
-0.696371
0.094455
-0.560519
-1.121953
-3.986236
-0.262524
-0.896115
-0.120757
-0.943074
-0.238568
-42.860136
0.167918
-0.085073
-0.805212
-2.543110
-0.792956
-0.109847
0.153771
1.293216
-0.320143
-1.057609
-0.889685
-1.009859
0.444575
0.236188
-1.589962
-0.622654
-0.897672
2.151245
-0.039657
-0.528818
0.335909
-0.561959
-0.787998
0.004764
-1.064490
0.502050
-1.369618
-3.465722
-0.613774
-0.598668
-0.358546
-0.042071
0.107265
-1.242497
0.253668
-0.298177
-0.561495
-0.614633
-0.242565
0.583416
-5.847289
0.387043
-0.248371
0.261969
0.427909
0.102417
-0.668720
-0.480400
-0.027149
-0.832568
-1.121771
-0.989500
-0.438505
87.315865
-1.017623
-0.955980
-0.878010
-0.251252
0.299223
-0.751353
-71.595029
-0.585108
0.129945
-1.209386
-0.546828
-0.205048
-0.707887
-0.064607
0.364782
-2.537871
-0.804190
-0.275314
-1.069669
88.906246
-0.221177
-0.235876
-0.275405
-93.277957
-0.624514
-0.005351
-0.570730
-0.092279
-8.302195
-2.567053
-0.885678
-0.222975
-0.591871
0.494728
-0.079725
-0.912393
0.866619
-0.539755
-0.587919
-0.145943
-0.574620
-2.536278
0.185597
-0.367588
-0.834412
57.107120
-1.192576
-0.823083
-0.387873
0.247431
-0.507101
-0.685905
0.195730
-0.034991
-88.679577
0.504492
-1.043061
-1.203945
-0.836978
0.346131
-0.550209
-1.360014
-0.205803
-0.717960
0.046291
-1.625749
-0.633862
0.221466
-0.417004
85.461938
-0.180360
-0.708988
-0.828998
-0.447852
0.198482
-0.575989
71.427255
-1.357717
-2.132407
-0.019294
-0.830955
-1.085991
-1.069294
-0.265557
-0.280560
0.506429
-0.236296
-0.511793
-0.678477
0.178179
-0.295702
-1.538017
0.330968
-1.129993
-0.279945
0.520029
-70.815034
0.020936
-0.857526
-4.189207
1.212269
-0.431661
-37.935994
-0.977463
-1.053206
-1.031084
-0.341208
-0.761113
-2.446168
-0.457266
-0.454616
-0.387273
-3.164255
-84.965124
0.585187
-0.615813
0.169360
-1.035807
-1.252947
0.047254
-0.528630
0.372424
0.064210
-0.325439
-0.039190
-0.439754
0.244112
-0.920112
0.471045
-2.569523
-0.258722
-0.567150
-1.827582
0.313566
-0.515740
-0.485171
0.164211
0.515945
0.580127
0.656821
-0.431876
87.632430
-1.325359
0.276533
-3.110709
0.478620
-0.047807
-1.755873
-0.646504
-0.783259
-1.457890
39.141075
-0.854624
-0.043566
-0.101819
0.010841
-2.215306
-0.334914
-36.793089
0.417350
-0.769409
-0.694180
-0.027739
-0.884582
-0.290112
0.656934
-2.119767
-0.187571
-0.814113
-0.277372
0.558192
45.649240
-0.472845
-0.839594
-0.378046
2.254844
-0.139449
-1.390510
-0.045601
-0.415105
-0.189675
-0.828450
-0.442836
-0.233681
-0.450363
0.049745
-0.095484
0.543864
-3.407508
-0.845380
-1.586553
-1.335318
-1.010291
0.076759
-0.602710
-0.676572
-0.000322
-2.552196
-0.955676
0.067813
-86.696719
0.511212
0.611578
0.328060
-1.273809
-1.105027
0.802170
-0.290992
-0.924183
1.065876
-1.146945
-27.309119
0.295231
3.469635
-1.541275
-1.423846
-0.319547
-0.955671
-1.786298
85.647897
88.648729
84.695974
-0.647883
-0.546259
88.266434
30.140309
-0.665344
-0.381137
-0.345778
-0.029943
-0.811310
-2.130901
-0.218223
-0.006265
-0.460343
0.304671
-0.211406
-0.823026
-0.953831
0.987279
-0.976147
-1.020613
-0.779979
-0.886284
-0.094769
-26.192860
-0.377510
0.007700
-0.618981
-0.554165
-0.599703
-0.560203
-0.628069
-0.113853
-0.793201
-0.286178
-0.538749
0.198503
-2.762446
-0.066499
0.173134
-0.696113
0.002876
-0.764702
-0.642954
0.160493
-0.366765
-0.180667
-0.652213
0.416654
-0.595276
-0.778515
-2.587732
-0.279146
-0.498144
0.110676
-1.082519
0.005158
-0.787580
0.407645
-0.150294
0.110452
-0.585682
-0.561204
-0.814336
0.318599
-0.105395
-0.386444
-0.206403
-1.434403
86.455986
-1.691409
-1.224873
-0.168871
-0.533078
-0.404946
-1.473885
0.040159
-2.063344
-1.313381
-1.468753
-1.917534
-0.102105
0.629459
-0.648853
-0.486178
-0.293311
-3.331849
0.560635
-0.788826
-0.797268
0.345921
-0.516330
-0.560419
-2.096246
-1.349683
10.863267
-1.850648
-0.874291
0.078264
0.200843
0.510085
-0.934193
0.019253
-0.462504
-1.071477
-0.087172
0.328391
0.022675
0.159563
-0.396713
0.123578
-1.353247
-0.493114
-0.091411
-0.320851
1.104985
-0.655047
0.175531
-0.769770
-0.613577
-2.086351
-2.803475
-0.194251
0.455649
-0.471299
-89.461567
-1.926903
-0.367246
0.198374
-5.509769
-0.257756
-0.735244
81.698483
-0.750441
0.031881
-0.050720
0.315588
-1.604148
23.337908
0.386572
-0.266702
1.318889
-0.814693
-0.058059
0.147665
-1.203935
84.311873
-0.811995
-0.850158
0.587928
-0.486059
-2.720081
0.055939
0.285561
-0.565842
-0.012619
-0.045311
0.155790
-0.736093
0.040661
-3.636378
-1.644798
-0.599003
-0.487874
-0.575584
-0.014041
-0.324148
-0.230773
-1.044045
0.013640
-1.063365
-0.673710
-1.657861
-0.680894
-0.471107
-2.677041
-0.933198
-0.998063
-0.191556
0.333761
-0.503174
-0.445068
-92.174490
0.171596
0.449870
-0.713048
0.727374
-1.371086
-0.576678
-0.855871
-1.082764
-0.527008
-1.920989
-0.943805
0.131291
4.919022
-0.150369
-0.548977
-1.972118
-0.157709
-0.449630
0.132819
-3.608957
17.729134
0.970675
-0.982775
88.794282
-0.943844
-0.803946
-0.817948
-0.353641
-0.758927
-3.300346
-0.254066
-1.022033
-0.939395
0.056195
-1.416197
2.337963
-0.040887
-1.919769
-0.212343
0.237062
-9.573636
-0.467308
0.272339
-0.024544
-27.112369
-0.522243
-1.261168
-0.507887
-87.459226
-0.232731
-1.363756
35.479167
0.429615
-2.244350
-0.624515
0.563271
0.240337
-1.136722
-0.827716
-0.562644
-1.015434
-0.916606
-0.174624
-1.198308
-2.540889
-0.190688
-1.367640
-1.298804
-2.952260
-0.192869
1.620744
-1.039763
-1.702168
-1.767099
0.114697
-0.435121
-0.421983
-0.210141
-0.724390
0.410237
-0.248401
-0.344000
-0.023865
-1.815155
-0.189426
0.804165
-0.798616
-1.430008
0.600816
-0.296759
0.066395
-1.031426
-0.468158
-0.460797
-0.713323
-0.246097
0.001050
-0.279025
-1.007617
-0.089393
-0.617333
-1.159785
-0.376265
0.289203
-1.393598
0.297094
-0.689580
-1.118400
-0.021386
-18.538119
-0.025341
-88.265298
-0.237666
-0.001699
86.496454
-1.015872
-0.369542
-0.490146
-0.367591
-0.647330
-1.062594
-0.320204
-2.499116
-87.620393
-0.371585
-0.122670
-1.015560
-4.964871
-0.581757
82.753085
-0.769990
-4.750619
-0.414751
0.230848
-0.852476
0.013101
0.388368
-0.270291
-3.145732
-1.309032
0.200303
-2.791020
0.484814
-0.331756
15.736150
62.037172
-0.407937
0.200783
-2.473652
65.776640
0.300076
-0.110317
-0.308248
-1.076111
-0.916393
-0.000686
-1.212779
-0.661358
84.755372
-0.767008
-0.125452
-0.758583
-0.047578
-16.161864
0.065117
-0.795136
-0.551353
-0.540620
-0.700625
0.701539
0.131813
-0.356686
-0.274442
-6.947595
-0.147473
-0.746429
-0.551543
-1.926527
-2.552514
-0.403102
-1.666044
0.345787
0.966538
-0.571266
-2.370127
0.483256
-1.407636
0.347802
-0.067926
-89.599843
0.390917
-0.226169
0.206782
-1.047067
87.863039
-1.117451
-0.140873
-1.614813
-1.145767
0.410348
-74.029118
-1.709478
-0.678703
-0.723115
0.205019
-1.366026
-0.493579
-0.098883
-0.463534
-0.745862
-0.145261
-1.531518
-0.939315
-2.664034
0.328758
-0.552528
-1.287312
-0.645611
0.300447
-0.417262
-0.549437
-0.304517
-0.734239
-0.470304
-0.558268
-1.932956
-0.576448
-0.628733
-0.194816
-1.559479
-16.499579
-0.176510
-3.835276
89.055066
-0.408412
-0.446418
-3.824974
-2.348719
-0.109255
-0.410215
-1.064207
-1.131419
-0.985350
-1.536674
-0.344845
-2.912254
-3.045607
87.373153
-90.673559
-1.722408
-0.177550
0.020844
-7.148973
-0.930331
-1.525386
-0.044420
-0.999168
-0.613440
-11.787720
-0.091652
-0.171998
-2.977413
-0.120496
-1.404123
0.233193
-0.572644
-88.078464
-0.865203
-0.628550
0.214839
-0.702454
0.126268
-0.927116
0.156454
0.090898
-2.438223
-89.569517
-0.348902
88.526219
-0.069763
-0.981495
-0.435143
-0.422565
0.283976
0.523201
0.152152
-1.687444
-0.442716
0.100039
-0.099347
-0.044809
-0.639797
-0.384627
-0.801636
-0.140715
52.659554
-0.411574
-0.609725
-0.183895
-0.310251
-0.939074
0.158941
-1.072074
0.047867
0.139424
-2.445378
-0.470948
-0.443793
-0.193840
-1.255445
-0.464729
84.664522
0.241040
-0.804441
-1.279748
0.342936
1.155108
-1.079343
0.215766
0.059597
0.100504
-1.024629
-1.661147
-1.033029
-0.122900
-0.418498
0.036166
-1.062492
-1.872076
-0.702337
-0.179353
-1.629758
0.548649
-0.760768
-0.790869
-1.190884
-3.474102
0.153021
0.350151
-1.408401
-1.564754
-0.638801
-0.797388
-0.759673
-0.831846
-0.525889
-0.805049
-0.159461
-88.787657
0.205380
28.273973
-1.181538
-0.388684
-0.213299
-0.593100
-0.911601
-2.124718
-1.109845
-1.112493
0.270082
-1.508751
0.037895
-0.325596
-0.275878
-0.552721
0.321058
0.030371
-0.747003
0.121346
-0.765913
29.815114
-0.746683
0.504732
-2.132936
-0.010277
-0.184159
-1.587478
-0.066015
0.101133
-3.458769
-0.003461
-0.195763
-1.420516
0.450887
-87.691469
-0.047694
-0.994685
0.101802
0.129034
0.734239
0.088982
-0.125902
0.020505
-0.559052
-1.126226
82.912757
0.443211
0.214963
-0.622017
-1.852985
-2.625575
-0.897981
-0.035312
-0.549316
-0.138612
-2.180849
-0.260052
-0.523787
-1.781674
0.165057
-0.134786
0.022199
0.337429
-89.040671
-0.280751
-0.076622
-0.223193
-1.117142
-0.981230
-0.946754
-87.410585
-0.154874
-84.023391
0.215062
-0.525160
-1.131901
-0.803311
-0.101491
0.818157
-0.300855
-0.143525
-89.572136
-0.029051
0.099669
-81.530858
-0.883591
-0.472598
-0.955510
-0.271021
0.229403
56.471557
-0.826144
-0.570367
-1.241775
-0.766932
-0.942910
-0.885259
-0.026820
-0.311763
-0.866585
-0.273467
0.059403
-58.456285
16.497383
-0.013482
-1.265086
-1.146441
-0.214778
-0.283060
0.920034
-1.439870
-2.623933
-0.570902
0.132756
-0.103926
-0.341533
-1.373292
0.019011
-8.326613
0.107195
0.771880
0.306684
-2.731536
-0.714546
-0.091877
-1.104266
0.332630
-0.200231
-90.681734
0.084972
-0.735396
-1.329323
-0.888706
-1.283223
-0.449519
-0.519358
-0.518125
-0.727849
0.503245
-88.377081
0.111496
0.453549
0.273823
-0.948939
0.432663
-2.973188
0.322037
-0.756956
0.175046
-0.287050
0.291146
-0.551386
-0.735561
-0.879058
-1.111971
-2.046174
-0.801272
-0.275195
-0.288981
62.747476
-0.185195
-88.264956
-0.527090
-0.286510
-0.774728
-0.029354
0.818002
-1.138721
0.121847
-2.103839
-1.845612
-0.206192
-89.483552
-0.624916
-2.416682
-88.860977
-0.738048
-0.852297
-1.348886
0.586647
-0.475298
-0.449062
-0.717660
37.087948
-0.561844
-0.689214
-1.086281
-0.554194
-83.594512
-0.593286
-0.817379
0.173737
-1.087645
0.143429
0.257476
-0.161171
0.658289
-2.161564
-0.244222
-0.031230
-0.854516
-0.006461
-0.352855
0.019960
-0.991811
-1.362719
0.052048
-1.188768
-0.039873
-0.778887
-1.704310
-3.375384
-3.394995
-0.842099
-0.256289
-1.931157
-1.240693
-87.978213
-1.234279
-1.209027
-0.933127
-1.777520
-0.720287
-0.392151
-0.357897
-1.057867
-0.842714
-0.878910
-0.504171
0.923720
-0.201451
-0.368317
-1.855616
-0.699010
-0.347682
25.706432
-0.084394
-0.495828
-0.133696
-1.183849
-0.923967
-87.819551
-1.111350
-0.628582
0.107083
-3.337390
-0.487539
0.061028
-0.916317
-0.725167
0.003958
-0.107690
-0.109410
0.475687
-0.593928
-1.359480
-0.379213
-0.479868
-0.347085
-0.052904
0.072955
-0.210191
-0.497264
0.138529
-0.884399
-0.832173
-0.153389
-1.670036
0.237417
-0.859284
-0.047379
-89.337741
0.790670
-0.211338
-0.463998
-0.208500
-0.680919
-2.520837
-0.036062
-1.015091
-2.810579
-0.926431
0.028728
-0.847082
0.216168
-0.679141
-0.266285
-0.699488
-0.873849
-0.219996
-0.326325
-0.937534
0.011618
-0.023226
-0.194761
-0.319283
-1.494455
0.383777
-88.994913
-0.595457
-1.298261
-1.573946
-3.275520
-0.790280
-0.873109
-0.609987
-0.654150
0.152146
-0.185197
-0.262628
0.032681
-0.468826
-0.328794
0.569789
-0.558090
-0.581042
0.422310
-0.529767
-0.568333
-0.489684
-1.847857
-0.322116
-0.230577
-1.416901
-0.758974
-0.539312
-0.368761
-0.472863
-0.418922
-0.526797
-0.398199
-0.583638
-0.861813
86.199162
-0.788336
-1.005190
0.241136
-0.563391
-0.385712
-0.095878
-0.055037
-0.459030
-0.606303
0.106463
-0.976542
0.281100
-2.818245
-2.869517
88.937395
-0.571774
-0.925204
-1.043726
-0.298881
0.384909
-89.915600
-1.594934
-0.489439
0.073364
-1.537140
-0.040823
-0.143606
-0.074303
-0.658931
-1.495326
-0.057242
-1.014085
-0.819961
-0.184382
-0.120505
-1.636384
0.619900
-0.127744
0.663314
0.022621
-0.337158
-0.157715
0.162449
-0.655839
-0.478402
-0.295055
-0.671059
-75.899514
-0.149462
-0.788139
-0.351402
-0.771954
86.070909
13.210772
-0.245679
-0.009834
-1.251074
-0.388416
0.343079
0.288447
-0.562266
-0.600293
-3.068418
-1.205967
-1.106593
-1.245925
0.156893
-0.420063
-0.340495
-84.031634
-40.971287
0.175494
0.479687
0.313298
-1.338410
-1.197399
-5.605079
-0.716423
-0.383308
-0.636607
-0.965194
-0.982003
-52.704911
-0.336332
-0.443589
-0.893130
-0.320083
-1.097890
0.088898
-0.187130
-0.843957
-0.138906
-0.494926
-0.658904
-0.800410
-0.602985
-1.240872
-0.466047
-0.206821
0.582304
-0.373920
-0.088180
-88.172075
-0.559783
-0.395937
-0.686098
-0.333015
-2.362553
0.071240
1.704397
-90.050596
-0.961206
-0.846759
-1.896023
-0.792791
67.288199
0.105424
-0.454365
-0.389578
-0.027479
0.813287
-0.649315
-2.993365
-9.659283
-0.237517
-0.723152
57.437828
-0.930939
-1.795452
-0.946795
-0.023174
-0.639042
0.236710
-0.797285
-0.882951
-0.475155
-0.215106
-0.421341
-0.367178
-8.303605
-0.744286
-0.228563
-0.665069
-0.261571
-0.319123
0.670997
-3.075633
0.211148
-0.675127
-0.628231
0.401134
-0.397644
0.620377
0.256674
-1.381468
0.151592
-0.659881
0.074731
-0.283201
0.018635
-0.897617
0.054937
-1.662524
-0.482082
0.390050
-0.483073
-0.439147
45.302581
-1.630402
-0.718580
-0.535374
-0.266879
-0.624417
88.190344
-0.090092
0.508597
-0.785944
-1.180519
-0.268334
-0.834021
-0.719388
-0.219318
0.074910
-0.023268
-0.021431
0.199173
-0.385676
-1.064493
-0.888809
-0.990655
-1.711992
0.019434
-0.613590
-0.259887
-0.282211
-0.227631
0.174455
-0.576017
0.247904
-0.757814
-0.635283
-1.863119
-66.458073
-0.583345
-0.408628
0.168772
-0.636253
-0.738460
-0.729048
-0.968335
1.316084
0.697840
-83.990245
-0.965246
-0.933103
-0.819110
-0.844843
-1.441966
-0.772535
-1.031772
-0.448850
-0.421502
-0.515683
-0.993925
-0.540433
-1.183983
-0.069634
0.166694
-1.196544
-0.706199
0.316147
-1.643935
0.140304
0.340526
-0.291787
-0.604034
-0.671537
-0.733069
-0.769750
-0.146412
-1.022349
0.003010
-0.142138
-1.194424
-0.358220
0.119860
0.098046
-0.210845
-0.829185
-0.565145
-0.304900
-0.297175
-1.038416
-1.858896
-0.577194
0.316763
-0.674280
-0.401221
0.260877
0.025070
0.334565
-1.281759
-1.118660
-0.954136
-0.099268
0.878644
-0.317397
-2.228390
0.024593
0.534405
0.061083
0.078834
-0.195702
-0.260436
0.173336
-0.686249
-0.568254
0.127864
0.100102
0.202903
0.614841
0.648098
-32.650781
-0.282642
-0.161040
-0.161781
0.012038
-0.051666
0.487985
-1.691625
-1.798386
-1.418314
29.078181
-1.442708
77.247810
-0.742089
-0.496385
-1.012148
-1.095542
-0.847016
-0.628134
-1.123877
-1.356307
-0.424936
-0.568141
-0.661815
0.009521
-0.502998
-1.001127
0.092451
-0.959566
-0.646456
-0.542269
-0.788930
0.353422
-0.605762
0.278303
-0.553344
-0.631093
0.423020
-1.856535
-0.406334
-0.416107
-0.100376
-1.498875
0.160285
-0.788900
-0.106832
-0.148594
88.396278
-0.357565
-0.810363
-1.398111
-0.588924
-1.672808
-0.026759
1.131494
-1.153319
-0.151010
-0.880574
-0.240253
-0.759723
-0.241087
-0.959040
-0.446400
0.045951
-0.193030
-0.836008
-0.675903
-7.505511
-0.107569
-1.091030
-0.496623
0.546944
0.321213
0.198108
-0.481758
0.401160
0.588692
-0.289590
0.217606
-0.745155
-1.135809
0.530757
-0.911597
-0.602415
-0.024883
-0.794260
-0.233839
0.075956
-0.265877
-1.107435
-0.201315
0.197830
0.011012
-0.958343
0.782041
0.113769
-1.435835
-87.095490
0.481375
-0.189787
0.680825
0.254651
87.809367
0.126584
-0.228495
-0.040922
-23.916413
-0.282958
-4.266416
0.107105
-0.638747
1.009349
0.210155
0.353841
-0.779779
-87.597920
-0.661231
0.038526
-1.405896
-0.960474
-0.046680
2.775519
0.507884
0.355036
-0.064328
-1.108436
-0.206341
-87.399432
-0.314364
-0.353433
-0.643771
-0.011260
-0.908395
-4.260035
-1.253575
-3.712021
-1.315905
-88.401792
-1.955254
-0.167864
-0.674130
-0.405424
0.131560
-1.081892
-0.860619
-1.812988
0.126460
-0.779531
-0.130634
0.069271
-0.450283
-0.433807
-0.156152
0.400412
-0.194074
42.381998
-0.254850
0.286099
-0.021663
-1.275704
-0.745563
-0.534451
-1.072969
-2.070802
-0.951143
0.028422
-0.085756
33.697557
-1.148589
-0.360391
0.080722
-1.061311
-0.009756
-0.310972
0.116268
-0.767520
0.236254
-0.241027
-0.101478
83.755576
1.563908
-0.729854
-0.529046
86.857050
0.099087
-72.894416
-0.692196
-1.160599
-0.161310
0.126523
-0.387871
88.494253
0.184693
-0.544644
0.216457
-1.224272
0.024860
-0.201508
0.356559
-1.660204
-2.078813
-0.354444
-1.104733
-0.753728
0.763312
0.390525
-0.611661
-0.727457
0.061626
0.552215
-0.570681
-0.523159
-0.638440
-0.947333
-0.434924
-0.696228
-0.865993
0.309181
-0.655367
-0.406628
0.024687
-1.096500
0.843749
-0.084025
86.822541
-0.926679
-0.777280
-87.630341
-2.281521
-0.141098
0.108688
0.529678
0.064497
-0.784346
-0.500538
-0.150041
-0.594966
-4.463435
0.085823
-0.865182
-0.433986
-0.798624
-3.978913
0.305308
-0.407331
-1.388316
-0.347377
-0.377700
87.428099
0.278571
-0.813395
-0.709656
-0.432521
-0.086479
-2.195516
-0.364679
0.037631
-0.721174
-0.086806
-0.164364
-0.748839
-1.329214
-1.198544
-1.235004
-0.523160
0.082256
-2.905379
-2.383942
-1.536679
-0.333670
0.300437
-0.087358
87.760405
0.014092
-0.353162
-0.560425
-1.635605
-0.263870
-1.357814
-1.330189
-0.862353
-1.291537
-0.784518
-1.133090
-0.591997
-3.407539
-0.288463
-2.217704
-0.289396
-3.520113
-0.405301
0.362131
-1.078119
-2.337535
-2.362705
-0.669235
0.157353
-0.367006
-0.457711
40.145479
-1.247937
-0.103016
-0.585975
-0.105649
-0.734442
-0.764512
0.285016
0.004106
-92.985793
-0.917945
-1.030170
-0.613554
-1.210547
0.039221
-0.271513
-0.441673
-0.947389
-0.427146
0.180817
-0.803670
-0.735380
0.198235
-0.261069
0.095560
-1.555881
-0.554067
-1.103075
-0.005752
-79.884265
-0.791824
0.362339
7.585932
-0.542931
-0.256387
-0.220727
-0.391497
-87.868248
-0.321143
-4.334629
-0.517315
-1.036543
-0.352878
-85.776123
0.205437
0.178196
-0.716196
-0.043350
-2.350519
-0.258676
-0.624920
0.193917
-2.154459
0.181735
-0.050240
-0.091613
-1.923615
-1.099615
-1.620760
-0.618191
-0.050659
-0.738928
-0.114691
-0.246429
-0.858385
-0.496860
-0.080314
-0.771767
-1.015568
-1.579742
84.860475
-0.519101
-0.187194
-0.069145
-0.929397
0.539617
-0.587883
85.861226
0.046322
-0.759601
-0.657707
-1.004846
-0.438025
0.236679
-3.238032
-3.249509
-0.878742
-0.085775
0.133732
0.313082
-0.617411
-1.174480
0.153384
-1.653324
-0.593731
-0.709088
-0.538971
0.242069
0.269814
-0.502484
-11.234270
-0.763025
-1.998675
0.022356
-0.410419
-0.673206
0.454015
0.580023
-1.268440
-1.220988
0.196069
-1.289744
-90.185574
-2.353776
0.462481
-88.853531
-1.204171
0.182853
-0.784127
85.244027
-0.727030
0.070443
-0.358685
-0.769840
-0.505513
-1.529728
0.386202
-1.306255
-0.271229
0.274358
-0.927184
-0.771314
-0.465753
-1.655026
-0.560164
-1.257107
-0.240245
-88.349885
14.398471
-0.444280
0.371626
-1.554003
85.798119
-1.528989
-0.132028
-1.482179
-1.311792
-0.798652
-0.831800
-0.063088
-43.589571
-1.091755
0.048632
-0.355652
-0.853171
-0.745573
-0.420345
0.303568
-0.347160
-0.700085
-0.852844
0.588102
88.295333
-0.640476
-0.846126
-87.387585
-0.846920
0.178531
-0.555652
-2.147065
-1.596201
0.332970
-0.682538
0.527445
-1.801938
-0.270959
0.008188
0.496218
-0.960108
-0.311740
-1.204016
-0.327574
-1.819271
0.203725
-1.762296
-0.384828
-0.585332
-0.332907
83.936064
-1.244302
-0.567439
-0.691695
-0.863781
-2.117755
-0.309789
-0.637694
-1.767357
-0.991660
0.684433
-0.841481
-0.139051
-0.317241
0.044498
0.059720
-0.306010
-90.955228
0.014145
-3.098293
-0.193431
-0.799086
50.245338
0.459833
-0.954983
-87.581355
-1.176759
-1.585584
0.399432
-1.162839
-0.152211
-1.026979
-1.497046
-0.025019
0.101670
0.039272
-0.605760
-0.480589
-1.106948
-1.076468
-0.731307
-1.196395
-0.249235
-0.469501
-0.203603
-1.417712
-89.081744
-0.827155
0.294394
-0.337867
0.477390
-0.290773
-0.618185
0.087472
-0.024402
-4.576224
-3.590042
-86.726655
-89.461668
87.847596
-0.309355
-0.769658
0.374700
-0.012655
0.257320
-0.698784
-0.558401
-0.439991
-0.764598
0.379335
-0.514342
-0.206382
0.166293
-0.126206
-0.400053
-1.805065
-88.435092
-0.222499
-0.578153
-1.349700
0.116286
-0.833110
81.053865
-0.221894
0.431604
-0.467273
-0.060620
0.115228
-1.009403
-0.127595
-1.267524
-0.628805
0.039803
-1.247118
-6.431218
0.539296
-0.417217
0.040039
0.170449
-0.117952
-14.368122
0.006774
-0.885856
-0.527528
-0.215015
-0.029877
-0.520440
-0.521388
0.121648
-0.790980
0.056640
0.212332
-6.965171
-1.493744
-0.436770
-0.399980
79.171751
-1.225983
-0.634516
-1.085512
-0.276932
-0.769753
0.034568
-0.475964
0.117269
1.015920
-0.355440
-0.408660
-0.276281
-0.753421
-0.492972
-1.902894
0.109582
-0.966067
-0.483125
-0.271368
-0.447571
-74.265829
0.206451
-0.376964
-0.355229
79.578210
-11.285544
-0.479090
0.673757
-1.068258
-0.080288
-0.514792
-0.469278
-1.418460
0.061518
-0.209959
-0.784758
-0.574914
-1.699826
-0.328746
-0.486094
87.350821
0.641606
-0.547081
-0.451317
-1.616065
0.068148
-0.087442
-1.010440
-0.341537
-0.402539
0.053631
-1.977595
-1.204771
-0.333091
-2.363698
-0.286043
-1.236734
-0.327473
-1.285916
0.241593
-0.324437
-0.346169
-1.493606
-0.599075
-1.232882
0.470857
-1.280694
-0.613841
-2.039640
0.633844
0.940014
-2.653396
54.939254
-0.535710
0.454251
-0.655016
-0.877570
-2.793873
-0.813940
0.368592
0.222568
-0.514925
-0.519159
-0.169266
42.170349
-0.730467
-0.939042
-0.043493
-0.401866
0.047913
-1.654012
0.507420
1.257851
0.762838
-0.322240
-0.114418
-0.064114
0.234024
0.003736
-0.945834
-1.318914
-0.413432
-1.441456
-0.038702
-1.413437
-0.339156
-0.735151
-1.014821
-1.181269
-7.318885
-0.457291
0.207392
46.499691
1.343883
-1.401230
0.378369
-0.143820
-0.826322
-1.841964
-0.481693
-1.527192
-0.382888
-1.180995
-1.149600
-1.017612
-0.869582
-0.047362
-0.564678
0.075459
-1.409041
-0.287238
0.645548
0.073835
-0.247025
0.297989
0.072222
-1.793573
-0.074583
-0.833260
-1.020878
-35.753288
-0.211117
-1.524085
-0.545251
-0.554063
-0.050042
-0.642581
-1.571805
-0.526388
0.085377
-0.674472
0.048435
-1.845892
-0.214616
-2.418255
-0.082069
0.576165
-0.943802
-0.109565
0.030300
-1.820287
0.433552
-0.397524
-0.215568
-1.327599
-0.583112
-0.219202
-0.614896
0.198144
-56.646507
-0.937291
-1.274089
88.889173
-0.615045
-1.189322
-0.390499
-0.784797
-0.907067
-0.561793
-1.876462
0.413401
-3.429906
-0.879783
-2.046961
-1.447842
-0.246228
-0.376503
-0.470549
0.020580
0.805799
-0.681794
6.136022
-0.919023
-0.384827
0.263186
0.324533
-1.363087
-1.617530
-1.187749
-0.572266
86.284210
29.446450
0.847137
0.534653
-0.777588
-0.529184
-1.379610
-0.300806
-0.746467
-1.383363
-2.133081
-1.928240
0.102088
0.232611
-0.385096
-0.701325
-0.781347
-0.135845
-1.459145
-0.572917
0.279303
-3.285772
-1.013105
-1.676939
-0.396630
0.590842
0.105989
-88.988808
-0.696677
-0.421083
-0.123377
1.182071
-1.000747
-0.529783
-6.364088
0.111465
-0.405366
-34.936135
-0.255418
-0.992460
-0.512594
-0.984875
-0.005613
-0.078433
-0.680812
0.027966
-0.779517
-8.225685
-1.421686
-0.360710
-1.680082
0.135652
0.269169
-0.258132
-0.987151
0.207657
-0.918541
0.261748
0.302494
0.104667
-1.206129
-0.415340
57.479517
0.525538
-6.492801
81.697438
0.166183
0.201072
-0.494979
-0.250896
-0.485982
-0.009326
-0.997930
-87.991383
83.574721
-0.297351
-1.106735
-0.452216
0.294963
-0.423755
0.043958
-89.663429
-0.343800
-1.108897
-0.348176
-0.417456
-0.586843
-0.648439
0.060134
-1.560810
-0.839056
-0.334083
-1.522196
-0.142282
-0.368897
-0.095454
0.116930
-0.609015
-0.278220
-0.055986
-0.419268
0.332150
-0.689370
-47.072314
-0.179103
-1.694999
-0.257623
0.237744
-1.504910
-0.738981
-2.472927
0.085633
0.256802
0.225623
-0.961309
0.321175
-0.888036
0.232841
-3.048859
-0.529464
-0.666082
-1.207630
0.104283
-66.982645
84.322332
0.146239
-1.152538
-1.292603
-0.502136
0.256857
-1.219479
-2.405981
0.526334
-0.013972
-0.563605
-2.139070
26.649961
86.759386
0.161036
-0.826643
-0.051207
-0.672434
-0.630501
0.180246
-92.609617
-0.421529
0.464246
-0.645907
-0.011008
0.055260
-0.444883
-0.736423
-0.469398
-1.146908
-0.543286
-0.387672
-2.702089
-0.945868
0.202428
-0.435865
-0.170865
0.202478
-0.694717
-0.665225
-0.377669
-1.197001
1.010063
-1.489556
-1.579516
-1.203456
-0.047702
0.151349
-0.200035
0.000203
-0.420334
-0.552811
0.128470
0.274401
-1.034995
-0.473087
-0.384618
-1.768238
0.707317
-0.210562
-0.613380
-0.643016
-0.458023
-1.226345
-0.545963
-0.571496
-1.888209
-0.221847
0.013959
-1.070585
-0.557610
86.444437
-2.375918
-0.217576
-0.064896
-0.047768
39.062917
-2.128555
-0.308389
87.586873
-0.828480
-0.687507
-0.445610
-1.427008
-0.689273
-2.835599
-0.561907
0.721068
-0.028651
0.158917
0.414556
-0.128813
-0.266379
-1.718649
-3.096468
0.389640
30.229881
-0.017566
0.331465
0.123560
-93.415497
-0.122691
-0.551971
0.147611
0.039792
-1.268577
-0.819056
-0.577148
-0.750654
-0.813415
-1.504621
-1.033664
-0.307051
-1.048727
-0.191629
3.707208
-1.095189
0.229046
0.072340
-90.373382
-1.083603
-1.251595
-0.779053
-1.163342
-0.710325
-3.787604
0.063874
-0.408914
-1.225073
0.085992
0.365757
0.004437
-0.698813
-0.112190
0.292704
-2.808326
-2.093250
29.981741
-0.500941
-0.167042
0.257841
-0.337737
-0.741202
-0.188197
-0.245975
-1.063750
-0.483943
-1.047317
-1.601187
-2.917025
-1.654629
0.476303
-1.066187
-4.853516
0.414820
-0.347837
0.035971
-0.515161
-0.930662
-0.162966
-0.691082
-0.864841
-0.929331
-0.837686
5.866552
-0.234952
-0.659929
-0.879108
-0.920736
-0.735048
0.506348
0.799150
-0.982826
0.069156
-1.187900
-0.453550
0.368018
-1.887517
-0.016888
-2.459463
-0.741464
0.027598
-1.553110
-0.372594
-1.102731
-4.738182
-0.227714
-0.673024
-1.405667
-0.543489
-2.227553
-3.780453
-1.322662
-69.967072
-0.005583
-1.672919
-0.072162
-1.159579
0.465563
-0.352695
-0.866587
-55.187352
0.350145
0.192467
-1.210747
-3.178774
-0.893847
-0.349640
-0.356178
-0.261223
-0.169649
0.186686
-88.883645
-1.065557
-0.101620
1.086507
-0.285590
0.289188
0.198310
0.300878
0.256647
-0.177392
1.008426
-1.570621
-0.823331
-0.321989
-0.042618
0.028282
-0.162022
-1.174893
-0.663470
-1.531460
-0.175094
-1.084369
57.936541
-0.474283
-0.220939
-0.478603
-0.769964
-1.844856
-0.032989
-0.638132
0.596821
-0.167855
-0.360956
-0.510859
0.565750
0.330371
-1.143911
0.166222
0.507792
-1.277729
-0.918479
-0.301981
-0.281699
0.198418
-0.734124
-1.446011
-1.016203
-1.157802
-0.168002
-0.562088
-0.382246
0.796344
-0.956293
-1.031841
-0.738474
-1.439022
-1.291462
0.851246
0.535950
-2.550730
-89.778425
-3.769601
-0.696057
-0.832367
-90.154444
-2.895759
-0.778316
0.028852
-0.417898
-54.252486
0.203155
-0.287742
-63.630164
-0.682340
0.426922
-0.315089
-0.382619
1.329895
-1.259981
-0.704362
-0.084868
-2.109943
86.369949
1.139905
0.135546
-0.888467
-0.245043
-0.123896
-0.037440
-1.354744
-0.170287
0.070243
-0.740525
0.114612
-88.477397
-1.279052
-1.250843
-0.379357
-0.944146
0.727758
0.254010
-0.480089
-0.261432
-0.835081
-0.441179
-0.830448
-0.471102
-3.765029
-0.514640
-0.431332
-0.835147
-1.910713
-0.603617
-25.266888
-0.325532
-0.310454
-0.917574
-0.689507
-0.778748
0.239835
-2.149715
-0.032332
0.513744
0.333639
-0.476852
-0.850325
-56.401716
-0.576085
-2.273042
0.228542
-86.649906
-0.607978
-0.471862
-0.330094
-0.530967
-1.352243
0.588547
-0.457203
0.104951
-0.423605
-1.892513
-0.878464
-0.118450
-1.429074
-0.620021
-2.744228
-1.047342
-0.100241
0.313376
-0.191345
-0.702593
-0.571835
-1.165463
-0.993821
-0.813619
-0.931098
-0.698681
0.197897
0.296482
0.599074
-1.397275
-0.802187
-0.607921
-0.330390
-0.222065
-0.322032
0.293988
-0.871033
0.406918
0.186765
-90.624329
-0.924012
0.347196
-1.942284
0.258059
-0.770468
-0.340206
-1.523345
0.578871
-0.686491
-0.404093
-88.837255
-0.610842
-0.369755
66.355394
-0.496955
-0.749340
-0.869691
-0.630574
-0.173929
-1.310230
-0.954422
-2.030841
-1.163430
-2.048662
0.275352
-0.628721
0.042084
-0.876963
-1.025021
0.091090
20.481053
-0.331243
-0.319068
0.425120
88.797131
-28.566244
-0.577972
-0.698983
-0.849507
-0.614518
-0.653092
-0.619274
-0.633143
-1.647655
-0.249859
-1.352099
-0.095678
-0.592518
-0.861263
-0.204961
0.038916
-0.917864
-0.074639
-4.624594
0.432587
-2.514023
-0.826359
-0.440765
0.555774
-0.764318
-0.334234
-1.172433
-0.152869
0.533848
0.236382
-0.834797
-1.383161
-0.808806
-1.140832
-0.058911
0.214345
-0.402443
0.368590
-1.070833
-0.710939
-2.950723
-1.660252
-0.219628
-0.838298
-0.760388
-0.721291
-1.240803
-0.042714
-0.494135
-0.493570
-0.594917
-0.166541
-89.958728
0.156899
-1.085482
-0.866297
0.550055
-0.339634
-0.141123
-1.525861
-0.596543
-0.703821
0.262127
-0.330674
-0.142232
-0.169906
-1.076428
-1.009137
-1.857776
0.374498
-3.111874
-89.005978
-0.513828
-0.275412
-0.680673
-0.282416
-0.287775
-46.895036
-0.631308
-0.952180
0.085225
-1.631029
-1.407290
-0.536517
-0.581407
-0.256392
-0.243644
0.536498
-0.535722
-0.346884
-1.545580
-1.303601
-0.539067
-1.981983
-4.273196
-27.778646
-0.298695
-0.353013
0.407470
-0.314730
-0.231475
-0.399240
0.317773
-0.764967
-3.321973
-0.338056
-0.162462
-50.152137
-1.594040
-0.229928
-0.102192
0.028438
-0.735468
2.382809
-1.859857
-0.668991
-0.739585
-1.021361
-0.091870
-0.857528
-0.355135
-6.329970
-86.569816
-1.384798
-0.407357
-0.422556
-0.565036
-0.739757
-0.686934
-0.042749
-0.418956
0.258633
-1.032856
-18.691312
-88.242366
0.042588
-1.109226
-0.485993
-0.573749
-0.275763
-0.764109
0.539977
-0.461237
-0.839622
-8.471159
0.145425
0.107128
-1.493962
-1.197194
-0.536991
-0.144643
-1.086313
-3.092492
-1.268092
-1.046448
-0.387488
-0.410253
-0.224580
0.195865
-1.026453
0.497660
-7.115479
-0.447009
0.166409
0.520150
-1.596810
0.129138
0.149209
-0.767912
0.249185
-0.704494
0.461280
-0.362404
-0.168208
-0.826256
-0.423670
-1.033687
-1.102742
0.060842
-0.527482
-88.411004
-0.007534
-0.496242
-1.653316
-0.258554
0.007160
-1.897969
-0.419824
0.746455
-0.031515
0.573407
52.654072
-0.377026
-0.839295
-1.034512
-1.265606
-1.257985
0.172829
-1.141360
88.505015
-87.350247
-1.329236
-1.167280
-1.000270
-1.353845
-0.612267
-0.656858
-89.884263
-1.134334
0.023732
-1.463856
-0.706815
0.225799
-1.469711
-1.018720
-0.665685
-0.001645
0.043452
-0.057303
-1.714235
-0.381981
-0.801037
-0.806989
1.800944
-4.738842
0.151516
-1.962563
-1.305673
-0.482209
-0.894683
-0.587418
-0.037142
0.058655
-1.192154
-0.134714
-0.151601
-0.336988
-0.646887
-1.051836
-0.954494
-0.341565
-0.947994
0.092640
-0.721860
-1.509052
0.112339
-0.257204
-0.150964
-1.295495
-0.818641
-0.225023
0.547408
-1.727165
-0.407860
-0.284346
0.448164
-0.470273
-0.327120
-1.338690
-1.165414
-0.932878
-0.605795
-0.918590
-0.454205
-87.953099
-0.876881
0.038641
1.029552
-88.211573
-1.210064
-0.360975
-1.703408
-0.328701
-0.902496
-1.588782
-0.712984
-3.824438
0.091582
0.135964
-0.167263
-0.338898
-0.890255
-0.360793
-1.369979
-0.910774
-0.380546
-1.759866
-0.529044
0.430423
-0.511815
-0.946807
-0.268637
-1.840453
-1.125925
-0.005425
-1.233622
83.926955
-0.864480
0.074233
-0.631717
-0.518666
-0.007924
-0.316674
-0.325837
77.600114
0.385073
-0.249995
-0.160469
-0.111796
-0.120222
0.384500
-0.236059
0.205154
-0.334326
-3.895559
-0.164876
-1.957891
-0.745765
0.461704
0.078247
-0.196614
-88.728315
0.340605
-0.686986
-0.329907
-0.773140
0.172713
0.743597
-0.233557
0.170685
0.309932
-1.250398
-1.019890
0.429978
-0.655349
-1.710577
-0.122470
-0.078114
-0.005396
-0.066045
0.083291
-1.135887
0.843134
82.193334
-0.181464
-0.433547
-1.891191
-0.719793
-88.006599
-0.826071
0.556293
-0.094157
-0.411001
-1.102435
-0.813142
50.900421
0.156897
-0.383813
-0.324132
-1.036851
0.071514
0.194328
0.101542
-0.437719
0.675113
-0.374206
-2.217880
-0.734800
-0.544026
0.078117
0.546284
-0.530622
-0.435552
-0.006352
0.296216
-0.532863
-0.936711
-1.100568
0.253757
-1.543510
