-3.253430
-9.371329
0.401191
2.832410
-2.445772
3.432466
3.105183
6.397771
0.925925
-5.386217
7.949609
1.799107
-0.746654
4.111078
-1.697389
4.915003
-9.066401
-1.796910
-3.488193
-0.926064
0.355995
1.123962
-4.618837
0.848847
5.244848
-1.599339
4.473017
8.776344
1.898552
0.753855
2.605452
-6.583899
-10.791046
5.620573
-9.011888
-11.227911
-4.168269
-0.343658
-11.188190
-6.930679
2.600439
2.929849
4.592744
3.972783
-4.298853
-7.574887
-4.607705
3.130044
9.387096
7.748591
2.859319
3.005729
-7.598554
7.112731
-0.467891
0.928615
-9.266406
-5.692684
-1.622163
-9.830463
6.766514
-0.965674
3.145300
-3.937200
0.135754
0.650068
0.874361
-4.986778
-7.156398
-10.022135
-1.241613
1.580659
0.173498
4.981572
2.995110
10.097847
6.074655
5.911014
4.627493
-1.101360
-1.686916
3.382801
4.161214
7.064819
-10.571032
-4.981771
2.197273
-5.424520
2.653736
2.698831
-8.020001
3.535154
-2.999122
7.245517
-5.877470
0.760409
2.698421
1.625910
-3.819173
-3.742081
4.575495
-8.728581
3.023092
-0.970150
-1.191800
-0.989814
-3.186462
2.376450
-8.271125
8.935795
-1.590794
-1.834625
2.591868
-0.870992
-3.733315
1.963641
-8.510900
-2.891974
1.592989
-2.967568
-3.214401
2.288309
5.365748
7.647986
1.857042
-0.158192
-7.140251
-1.636172
-7.751636
3.286600
8.531343
5.165570
-1.859755
4.033446
2.009872
15.378361
-1.093731
-9.122836
2.864846
4.201767
2.749944
7.998021
1.053049
-0.063973
5.364957
2.566532
0.541858
-7.043197
-1.949746
7.744753
-3.490427
-2.397260
0.523668
-2.228583
4.579611
-7.404467
-2.015258
-2.292011
10.883951
-1.694243
-4.331317
-1.397461
4.250350
0.828398
-7.037161
8.708624
1.079848
4.927482
0.293710
1.856378
-3.707940
5.588603
4.051379
1.874148
4.810622
3.504656
-1.463272
-9.737677
-2.093038
6.193773
0.842922
-6.738391
-2.714935
1.655643
-1.160447
-2.239507
2.385685
4.597166
7.520022
7.967741
-1.145649
-3.291830
2.776362
-0.607991
-0.117963
5.151026
2.203320
3.560353
6.404874
-3.006357
-0.039926
-0.977707
3.745341
-4.342515
3.495858
3.268660
-5.130332
-3.038351
-1.560180
6.188379
-6.479295
-7.081560
7.019474
10.269732
2.968971
-6.246948
5.194120
-6.146035
4.410220
2.203752
-3.869095
-1.180498
5.049845
-2.865359
9.492899
-1.538787
-4.976167
6.925293
-0.598878
5.482791
-4.901538
3.012974
3.748146
5.400460
-2.290336
-0.451863
0.781923
6.042014
-3.226226
5.251386
2.827075
-1.077974
5.163418
-1.272684
-7.098569
6.967110
-3.092907
3.944123
-0.301788
10.369993
6.770292
4.530936
3.643298
0.834496
2.470611
-3.153022
0.631336
4.118319
-2.686738
3.299725
5.978689
2.145100
1.919288
5.908351
-3.353424
-1.812696
-0.752234
4.319111
5.843135
-6.650524
-4.394606
0.584863
7.872095
7.096517
7.776271
1.707580
3.435548
8.535368
-5.631927
-1.885061
5.773605
-1.744524
4.485865
-1.275658
-1.749723
-3.340540
0.170678
1.246311
5.254701
0.898979
-4.661925
-2.064842
2.604417
6.436771
6.857264
4.352515
-3.529432
-8.680150
5.067497
-6.696489
7.020314
4.290664
-3.862412
4.122209
6.561209
3.527924
2.892913
-3.890705
1.258151
2.354059
-2.608667
-7.696747
7.981931
-4.281666
-1.276023
5.962485
1.077649
-1.725156
8.007730
2.777283
-6.574306
-0.363161
-0.020136
0.639184
6.562381
0.833630
1.816833
6.587039
0.588988
-10.228092
10.639295
-5.309684
-4.462075
-6.229057
-3.395886
-2.640643
2.357868
-11.182421
-9.462438
2.881363
-3.956635
-5.614175
-6.397086
-5.636908
-5.355081
7.437333
1.548575
-7.243828
0.050974
2.268888
1.742986
1.509489
-1.427728
3.609512
-0.298458
2.606158
-1.744388
-3.013881
-1.334439
-4.870873
5.171260
10.064029
6.083545
3.710780
-3.064178
3.669531
4.440560
6.734377
5.801329
-9.616071
-2.736619
-2.835511
-1.219204
0.654916
-2.321293
1.120394
3.041483
-7.044725
-10.318061
2.956276
0.207712
-2.276949
9.795005
1.807273
3.107293
-3.499007
-4.973747
3.282968
-3.400436
0.239636
2.599383
0.098881
-2.587690
6.720972
-0.572745
6.373464
-0.741984
-1.547337
5.380685
9.338713
7.503963
1.343355
-0.943313
7.350330
0.210012
4.728398
-1.233720
-3.806209
1.808529
-5.279142
1.200224
6.496234
6.421486
-3.767545
-8.487292
4.545730
10.396393
4.944740
-2.770455
4.766795
-3.060491
9.496032
-4.093061
3.899299
1.274530
3.266333
2.264921
3.532104
-3.098980
-3.687543
1.043087
5.725395
1.115839
0.226072
-1.533895
1.953586
-6.111504
-3.948062
8.550432
3.722326
-12.918074
1.724171
-1.210578
-0.006873
-3.848665
1.368742
2.797539
-3.345738
-5.211246
1.752491
4.483630
1.789160
0.766658
-1.357770
4.601060
0.767642
-2.589976
3.336391
6.266513
8.113788
5.728008
3.578075
-5.094058
1.416402
0.797703
-3.295330
-2.764508
7.620119
-0.624752
-1.433633
-1.906801
-0.967455
-16.283932
-4.993678
8.576332
8.150523
-1.848763
7.102616
-1.537177
-11.225015
15.844240
3.598751
-1.406607
4.128930
-4.471968
7.539406
4.098892
9.519250
-2.476523
1.069524
-1.370951
-6.600466
-0.212929
-4.248409
4.928120
6.296342
5.392638
-6.483779
9.543474
-4.468102
2.553584
-0.931479
5.403435
-7.797743
3.151156
13.497415
6.014976
-4.858016
-0.003154
0.554513
-0.022676
-3.549959
3.689005
-1.361754
7.898790
2.640020
-0.165089
2.754665
-12.518734
2.218532
3.996622
10.284575
-12.910186
3.578344
-1.203313
-1.452870
-2.142474
-7.173832
-6.943772
3.117241
-3.040101
0.114380
-0.342435
-1.245127
-0.520964
-6.292132
-2.175097
3.030720
-0.901937
1.488187
-2.321470
2.147476
5.880652
-1.347486
-1.610605
-0.545754
-8.483510
-4.153439
-17.364756
0.455417
-0.045454
2.624062
2.489365
4.004578
-2.427236
-2.110169
-1.760673
1.920523
-1.837151
0.312816
2.213416
-6.626266
4.402205
5.654811
-3.514143
3.151908
-1.386362
7.349496
-10.532785
7.348243
8.634896
0.696690
3.935819
2.663970
-9.349963
-5.744747
6.937808
1.590746
-8.091031
4.536758
-4.466574
5.257262
-5.483841
3.486019
0.008210
-7.381993
-1.407953
8.680140
6.817667
5.146214
-1.028265
5.247060
-4.017100
6.785536
-1.005803
-9.239454
2.105823
0.755290
5.093133
-0.311110
4.678376
7.017071
3.570634
10.664249
-6.094249
-2.861001
-9.609663
0.321744
-6.326341
8.899320
-0.206848
-4.941630
4.160436
1.307915
7.306274
7.091026
4.163179
1.759898
1.733351
2.233278
-5.042443
-5.423856
-3.629933
3.654722
1.868643
-2.835342
-8.278443
3.624200
1.899136
6.150959
-4.055563
-1.175947
4.958958
-1.318398
0.380098
3.063619
1.178426
-3.302515
-4.705508
1.239180
4.299168
3.990947
2.299979
-5.871546
-3.190968
0.434008
-4.229308
2.525386
0.162012
1.363334
-1.433755
4.346083
0.458506
-1.898632
1.732766
-5.183267
-1.254003
-1.177868
0.286749
-5.952716
0.584588
2.798935
-8.915315
3.741357
3.822064
3.026672
8.301826
3.961222
5.425234
4.230234
5.050012
0.917905
5.273323
-0.542428
-12.186155
3.086903
-6.604248
10.988642
-2.280846
2.733422
3.791374
6.637851
-2.698501
2.432324
8.573888
-0.629377
-6.995543
0.313302
2.490319
-5.349982
4.865582
-1.770500
-8.892721
0.483682
0.818675
2.912843
-0.633135
10.916522
-2.662726
-0.345887
-0.833064
2.572743
-1.887894
4.175515
-4.317884
-2.889096
-4.016160
-6.215237
1.354082
3.099402
-2.324210
-1.112909
6.841553
4.218171
7.812649
4.626472
-5.315283
1.844209
3.324362
3.879804
-1.430482
5.921857
-10.242772
0.528846
1.301855
-1.682021
1.042610
3.296661
-7.955143
4.214067
-5.666317
2.690436
8.975872
0.456718
2.557256
5.690071
8.491620
-4.636070
7.851637
1.994533
-1.123266
1.050528
0.905424
3.070556
3.452746
-6.959319
-4.594435
9.055971
-2.437748
-3.170437
5.939505
-1.240959
-2.479961
8.495962
1.776091
-0.592296
11.252460
3.262864
1.393485
-4.433477
6.424943
-1.451749
-2.856927
5.487758
-5.107365
-7.025576
0.565604
1.065220
4.012954
0.343303
0.275315
-1.630404
-2.728624
6.567139
-0.172513
4.201110
5.198568
-7.529113
2.419420
-9.059311
-5.930386
-0.933741
-7.377834
-5.108353
-1.660288
-1.216317
13.518134
1.476011
8.990203
0.951875
-4.578543
-8.431471
1.425607
3.568014
5.620297
-1.755923
5.537200
3.624788
-0.767025
8.370053
-8.086599
-5.322719
2.413323
8.062862
1.464406
1.964288
-0.957250
-6.417898
-1.368358
-1.822059
1.243195
-2.757720
-11.174975
4.887551
-5.187470
-11.249474
-1.328780
0.995733
8.047548
1.654117
-6.565815
-0.868320
-8.279499
-2.906543
3.426414
5.443559
5.441944
-5.586303
1.167636
-1.046866
1.372664
-1.127540
4.988916
1.555536
-7.953618
-5.457083
-3.971746
4.695112
7.102562
-5.341522
-12.886081
4.640814
10.003159
6.245583
-9.793770
-4.887896
6.939542
2.142957
3.063603
3.753554
4.448102
1.071338
6.675529
9.690198
2.055115
0.641907
0.079561
1.462590
-6.815627
2.458944
0.267241
9.393751
-0.277788
2.708305
2.399941
-1.494612
-5.488833
6.095438
1.625485
3.386123
2.655425
-1.089058
6.825581
-0.216824
5.333443
2.032874
0.468294
1.636396
8.255662
-12.480925
-1.670315
8.936363
0.870685
-12.110716
-3.720565
-1.742122
7.070921
4.457556
1.626918
-0.283735
-2.316239
-0.329503
4.828458
1.941984
0.705131
2.438113
5.476734
4.616748
7.451316
-1.635999
3.226123
-3.769200
-4.231558
3.758890
8.555378
-1.294268
-4.531463
5.212544
-6.899279
5.193927
7.700224
-4.650093
-12.529465
-8.686600
-4.290995
4.220155
-1.781598
-3.663597
0.233098
4.646570
12.773695
-10.559724
-3.118457
4.259609
6.974778
-5.363928
-6.535164
2.713030
4.318114
7.111811
-5.610462
4.287628
3.909623
1.480590
8.494030
4.163472
2.788621
1.895418
8.581332
1.968385
1.543297
-9.191251
-10.430141
-4.649200
5.599928
9.308215
-2.873566
3.646978
6.828845
-4.500656
3.537802
3.011912
8.660432
7.033067
-3.662578
-7.882160
-3.574625
8.904112
2.740243
-2.880474
3.893058
-6.102391
1.853232
1.166651
2.917526
5.968802
-7.643748
5.700271
0.997998
-4.119231
2.555547
8.585232
6.107075
6.514122
-1.424439
1.271176
10.256469
3.704610
-4.861055
2.907468
4.114177
6.719411
6.384685
7.971354
0.584014
1.318343
-3.011038
9.151148
-3.654119
1.960155
8.365754
3.730281
9.354022
-0.430690
4.396851
-5.748515
2.465146
7.029828
-0.982295
2.767532
-2.387091
2.497823
-7.907910
0.116558
6.596117
-7.034124
-4.275419
-0.206158
1.472312
2.383129
-2.075263
6.210295
1.986331
-0.680000
-5.598016
-10.229965
2.866988
5.689497
-4.464712
0.220361
-0.105577
4.095881
3.731343
-2.406872
-0.982371
-4.863660
4.444640
4.955389
-7.669137
4.152872
2.107119
2.674104
-1.765260
-1.231801
-3.672940
4.978395
4.059925
1.881220
-4.725446
-1.030311
7.094044
-0.369669
4.875285
7.461188
5.803668
-7.070166
2.285093
-0.511897
-2.743690
-1.086780
-8.148093
-2.580577
4.462364
8.869830
-5.212684
0.855356
-5.955139
-4.392504
9.920819
2.853840
0.344525
-0.114219
-4.503735
-2.397069
-0.543994
-0.930125
0.930152
-6.421187
3.453062
1.535269
5.066249
-5.700884
7.281812
0.286317
-2.377741
0.089597
3.737846
4.948343
0.535875
1.922159
-4.228366
-1.433056
6.936912
-4.680505
1.018863
0.223023
-6.667552
3.036652
-4.765906
7.301857
-0.994632
5.430737
-0.512106
3.715003
-0.536882
-1.929909
8.320832
-9.558068
2.308308
-2.945297
-6.377028
-7.964264
-1.911441
4.408584
4.850349
-3.482903
5.418275
-10.385504
6.838169
4.927364
-1.573738
0.864253
8.293934
3.285207
-1.824826
-5.679734
3.032887
6.369323
-7.496482
0.464315
6.016706
4.915029
2.975396
2.315875
-0.134849
-3.372055
6.565682
0.171485
3.510611
5.425267
5.884877
-0.845028
0.227297
8.245379
0.604118
-7.538954
5.262564
-5.916838
2.421359
-3.644084
6.221795
1.348921
7.515307
6.953863
4.281246
11.163440
2.320665
3.698355
11.013580
-3.856542
-6.268283
-1.726210
2.472532
3.283817
-5.330526
-4.477244
5.749187
-1.705411
6.601944
9.420278
2.584175
-2.060571
4.809149
-0.638045
-2.087647
5.635460
9.015509
5.959321
6.892725
-4.057815
11.919977
-6.038717
-5.730570
8.496573
-3.836557
-1.855959
5.784905
5.632277
-2.721281
-1.038549
3.397451
3.408552
-6.840226
-3.363229
-8.574109
-2.880731
5.522115
0.148041
-1.019751
6.747270
-0.672186
-0.855078
6.265702
4.299065
0.931101
11.130236
-0.032689
3.995253
-5.079230
-3.845739
-4.798713
3.169434
5.541176
-4.879366
8.900685
-2.383979
-6.096754
-2.524263
-6.590080
-4.900992
-2.597202
6.838648
-1.706426
-7.298588
-0.268010
-2.366667
-1.656377
0.427264
5.183062
5.818525
0.326881
3.008984
1.011592
1.373912
3.454842
4.074339
8.085447
3.796284
-2.724021
0.414746
1.452193
4.091474
-3.376654
-5.427208
5.954616
5.865921
-7.200313
10.184473
4.283980
8.577154
-1.698839
5.404984
-10.319620
1.066919
-2.526585
1.751314
-1.548879
1.403862
4.928694
3.981109
-3.988363
-6.588212
-3.495357
5.416510
6.373288
3.227925
-4.735193
-8.609241
-7.903005
-5.811388
-6.675269
6.073936
8.186572
0.857784
1.215315
-2.992346
1.457389
-3.716347
-0.387351
5.073385
12.232305
-7.133308
2.391074
6.149761
-9.232876
-8.236556
-4.787742
-9.480157
-0.583144
3.867467
2.673364
7.599423
-0.881371
8.258141
5.587807
8.878457
5.376195
1.819844
3.046247
-2.619219
5.484820
0.067162
-1.285293
-2.278883
-1.391040
5.704924
2.777464
-11.413292
5.046111
1.054399
-0.688428
3.424340
4.749338
7.141843
10.844517
0.376333
-1.407780
1.826221
-5.133228
-1.619154
2.226487
7.947271
3.308734
2.128244
-2.583513
-4.568390
4.609094
-0.662087
-5.817507
-3.850932
7.594543
0.831066
-4.821844
-0.777919
-5.545752
1.947086
-0.100014
1.953054
-6.276959
-8.864408
-0.805967
3.954279
6.643868
9.047221
0.866333
-2.433025
-4.660221
2.793927
2.928230
5.511736
-4.066840
-1.575084
-6.320522
9.169673
-2.732248
1.362097
3.894618
2.802909
4.532623
6.376706
5.824802
2.188824
-10.653417
-4.631052
6.220070
6.225169
-2.581225
-4.287064
-1.869017
0.382018
3.690280
3.987160
6.021610
-0.079141
-1.346192
2.360181
6.713446
7.051347
-7.102266
2.596263
-4.022836
-0.440594
1.297412
6.451031
-2.433189
1.684372
-0.339202
4.545452
7.777473
-0.813761
-1.591061
1.322091
1.440557
7.486961
5.100031
-2.959168
4.225361
-0.189995
6.983890
2.349522
-0.006993
-8.798937
-5.229032
1.189579
-2.335243
1.474339
-4.660741
5.123533
-6.612691
-0.525050
4.777163
2.459068
4.035091
1.617848
0.519054
2.238740
1.330115
0.500003
10.786075
-0.220491
1.701783
0.097643
1.640644
5.198575
3.702471
-0.817019
2.147039
6.634810
-0.312212
-6.330833
9.304016
6.600613
-3.387643
3.613498
3.551292
-3.289810
6.970480
-1.009740
3.692280
4.529194
1.198312
0.766881
6.594765
2.811549
0.412168
-1.298856
4.122209
-4.835193
3.058983
1.203081
-2.668832
-3.355235
-0.112812
1.651800
-2.439512
-8.621718
-1.888352
-0.140886
7.087707
3.140664
-4.568329
-0.495082
2.349627
-6.397932
13.824314
-0.112166
-6.118161
2.709217
-2.786017
-2.546488
8.382967
1.540122
-1.575162
-0.907846
5.611881
-0.795445
4.578047
-6.178406
0.281507
1.123629
9.247157
-5.036826
3.319614
-5.357376
2.231688
6.189236
4.022833
3.704388
5.766008
3.452622
-2.712817
0.196405
1.268325
-0.881528
1.956171
-2.675773
-2.784143
3.959621
6.837313
-3.164852
-0.330781
6.101292
-4.433033
-10.479287
-1.504061
1.325445
3.155959
-1.553234
-6.491674
6.363506
-6.584084
6.983208
6.274762
-16.129751
-0.868326
-4.055263
0.630957
-5.298149
-2.572137
0.658437
-3.784196
-3.037679
6.747330
-1.332557
2.893075
-4.198546
0.333853
-7.747973
4.174942
-6.013003
3.303290
16.968351
1.681557
2.651025
-3.568498
-3.996477
3.579566
-1.867932
-0.374870
8.055142
-2.938969
1.917123
1.625824
-2.815826
3.502943
-2.591253
-3.191870
-0.818638
-6.341156
-3.456204
7.559946
-3.210886
-0.986265
5.938406
8.705569
4.728740
2.402296
2.130425
2.196763
1.482156
4.061847
1.285904
5.683004
8.989322
-11.325697
-6.228190
2.475125
6.795273
-1.907051
6.738346
-1.306872
-7.840459
-1.492253
0.780506
1.121665
5.784127
4.689252
3.342509
-3.192815
-1.013946
-0.961264
0.000674
-6.470755
-6.463576
2.843654
2.579913
-8.399264
6.375175
0.301492
0.435745
-2.440054
-0.053082
7.109484
1.358733
-11.894286
3.217716
5.602717
-3.348609
1.564756
2.776440
6.774606
-3.732439
-0.521678
2.354368
8.159153
-0.356642
-1.205434
-0.050586
0.237471
0.571401
8.003561
3.271805
8.223677
-1.933092
-5.562680
-2.649864
-2.536796
9.028204
1.654812
6.040847
-0.451709
-3.109055
6.962721
-5.426958
-6.256854
-12.044064
2.762537
5.592800
4.456457
0.431244
4.187931
-1.868383
-5.548928
-2.287166
3.451022
-5.970045
2.675658
0.986220
-6.329892
-3.245789
4.819111
-7.062222
8.696669
-3.517744
3.511090
5.037726
5.466739
3.696393
0.603608
6.623619
4.993787
3.823149
7.440954
2.529685
-1.517543
-3.197106
-5.673884
-3.963008
0.604517
0.658785
-4.335656
3.925825
-0.154089
4.465523
-5.045085
-2.070364
-0.533575
-6.209584
-5.079571
-3.452734
7.462948
-5.432172
7.575546
3.556072
7.305605
-7.999802
-3.791449
-3.293391
2.217361
-1.276989
2.808850
7.793663
0.652016
3.432873
-5.279440
-8.488133
7.278091
-12.475546
-3.259340
4.766949
1.568494
-8.780590
-6.737934
6.734800
8.217252
-14.290469
-3.821341
-6.856894
0.473532
-2.087811
6.631180
1.353839
-5.959877
-2.945442
-5.052852
2.775326
4.086039
5.871688
-0.732812
1.029412
0.741125
-3.502912
3.104178
5.563618
5.698613
-0.532706
-1.831983
4.491287
5.375031
4.971475
2.290142
3.500202
0.754380
0.260030
-5.962759
-0.521824
6.035845
-5.471304
-1.046874
6.086599
10.856111
-3.909393
3.033981
4.516580
3.725734
-9.186714
-3.380049
-6.385765
8.410022
3.294123
3.960717
-3.172765
-2.480733
-1.246240
4.149430
0.761724
2.592125
5.321473
2.207243
2.629764
6.337246
1.355621
-0.204048
10.713060
-4.745990
-0.175633
-1.097643
0.430592
-2.149594
2.061283
0.266997
3.488084
-0.984008
0.092052
1.319998
-4.783997
-4.476890
-0.188466
1.583556
-2.351086
-1.570742
-0.940540
5.579714
-2.804288
-10.130507
-4.858545
7.549658
-2.250935
-6.512899
1.706755
6.140091
2.774500
-7.449645
-2.732066
1.875179
-5.057146
-5.852220
10.236869
-8.639066
2.130106
4.823326
-4.425508
-4.944831
-2.553676
-3.376601
4.897705
3.568853
-1.433502
-6.404664
-5.795178
-2.087889
6.896264
-3.742349
-6.721188
2.625210
-7.700081
-12.674169
3.236417
6.893674
10.224877
10.835790
-7.373865
-4.312041
-9.517759
-0.873929
-4.689721
5.922842
1.056671
1.674756
9.447668
1.085430
-5.760325
0.752842
0.654305
3.568295
0.602642
6.192542
5.649244
2.033260
-6.167100
-0.078720
4.893598
-5.511675
6.503047
5.058077
4.797717
5.372671
-6.182770
4.724886
-4.856647
-5.992494
5.885515
-3.109267
-6.610418
5.748658
3.545584
-3.509647
3.456471
-12.388554
4.819451
5.631877
2.865910
-0.847027
5.006830
-7.895251
6.866298
11.063788
6.950063
3.572824
-6.119143
-0.038861
-0.189820
8.166107
-4.410265
-1.028681
-0.549345
1.443518
-3.055619
-5.981814
3.392624
-0.115388
1.225616
1.066220
-1.424706
6.820112
-3.859536
-8.739493
-7.811607
0.088070
-1.680413
1.413413
4.087352
-7.093302
-1.682111
1.138351
-5.346321
-1.606128
-8.054366
2.956383
6.664712
5.176739
9.573514
-6.322512
1.948305
2.218088
3.005521
-0.646587
3.439276
-2.758097
6.532933
-1.545676
-9.927854
-1.018151
0.536012
7.834710
-4.324350
-1.866317
4.017526
-1.483430
4.016037
2.066037
-5.949462
1.071249
-11.547054
4.321300
1.391347
-0.880824
2.712039
-2.800933
3.867925
1.471721
-2.455459
-0.753673
-1.372865
-7.970732
-6.462295
-0.004577
-8.635758
2.463455
6.207131
-3.002577
-7.794251
0.597246
-1.281100
0.125432
4.209905
-2.409838
-11.089043
-1.734399
-7.057600
0.173976
8.829005
-5.178118
-0.812447
-0.156028
-14.390909
2.265771
6.220797
-7.319677
-4.972489
0.620350
-5.647891
4.354197
2.722805
0.298924
-7.961257
-11.383257
4.104850
1.324102
0.185341
-2.869774
2.725748
-6.898760
8.564153
-3.897287
-5.008427
-5.886822
-3.263465
0.089823
2.521032
-1.688876
0.255017
6.231824
-1.737492
-7.097833
4.316064
-0.126513
4.276752
-1.785437
4.097858
-0.726876
2.296086
-0.519598
-0.118158
-0.357912
-6.783834
0.264398
5.357557
-4.359451
1.058749
5.361446
2.896604
-1.600753
7.556777
8.602994
-1.417555
1.221643
6.601492
7.119529
1.705031
-5.785954
-1.012266
2.843881
-7.247915
-10.342115
-1.651938
6.558201
2.100293
-10.386185
-10.676025
1.008236
5.150906
0.194809
-0.544180
-2.895251
-0.928148
-2.414271
4.688836
0.978020
4.605609
3.964540
8.911462
-8.102775
2.113174
-3.057048
-4.680354
-0.798963
0.832241
-5.364866
3.662762
-14.977065
-3.091792
4.371826
1.310832
2.097128
-3.414905
1.875685
5.296114
4.259801
-4.670425
-3.261221
-5.953026
-4.337906
-6.170514
6.286779
7.487014
-1.917126
8.328226
4.219759
7.065032
8.054892
-3.807867
-4.151012
-3.483008
4.972154
-3.973605
4.458831
3.848801
6.834533
1.414900
0.507567
-4.923189
-9.116514
-0.025882
8.826551
0.467453
0.443058
2.267477
-5.099372
0.727953
4.564366
-9.263017
0.711730
-2.344690
-9.066712
0.279870
1.582961
-12.607466
-9.883636
-3.656639
-3.915027
4.402423
-5.749468
2.154266
-8.637641
7.214668
6.456285
-6.847636
5.784487
-4.303677
-4.139235
-1.661920
-5.252401
-2.147578
1.387380
1.844565
5.526933
1.694395
-2.307853
-13.119915
-0.023984
-5.518033
5.504659
2.309324
-0.337739
4.100093
7.275449
2.583195
-3.844760
-0.671799
-2.642726
-6.206802
6.393178
4.815419
6.752562
0.274250
1.418847
-2.525012
1.059318
-7.215957
7.767434
5.682552
-2.367863
2.908383
-2.568277
-6.501476
5.216507
4.362323
3.868435
-12.603443
3.751964
1.865066
-5.243138
0.021809
7.301087
4.529127
-13.098327
0.627679
-10.825442
-5.009017
-0.050543
7.875307
0.743098
3.791393
2.885257
8.603841
1.155642
7.910846
-1.898138
2.308723
6.276831
6.096511
-4.054286
-1.657158
-0.566227
5.495924
0.996727
-4.384530
1.497594
2.175667
2.604915
4.852589
3.761187
8.795172
3.089081
-3.502089
-1.400025
2.704220
3.339885
-1.000571
-3.732591
-8.027133
1.403660
3.708740
-4.630809
10.266127
-5.284576
10.835778
2.059308
1.557046
-6.245147
-7.332485
5.309926
3.157674
0.303754
-1.065554
-6.735586
-6.645058
3.734548
7.028426
-11.788219
9.795420
0.249274
-1.362574
-2.238125
-2.413944
7.314244
4.908279
5.734318
-8.730229
-4.136213
3.055705
0.093389
-0.620155
-6.867445
1.943246
2.732752
-9.599489
2.106301
7.283452
-3.577303
-0.315406
7.066237
-7.849089
4.803049
-6.081728
2.034720
5.076719
8.664814
-4.702728
5.218214
3.622256
8.067921
0.901105
2.581485
2.025090
1.606675
-5.434272
2.239394
-3.247341
-2.588025
1.882351
2.050756
1.025827
2.657905
-2.621258
-7.574895
-1.969226
5.973430
-3.186321
-5.460871
-7.855717
-0.704911
-2.862043
-0.671759
0.664200
0.976911
0.233081
-2.773192
6.375897
4.046812
3.467743
-1.056783
5.115949
-4.779209
0.186114
3.628283
2.890057
7.740485
-2.153195
-5.384096
-3.352380
-0.318517
5.525503
0.308593
2.301531
7.967852
-2.079081
4.326043
-2.559527
2.910360
-3.685952
-8.053726
-9.382459
1.035913
3.957506
-0.683959
3.751814
-4.886560
0.869931
4.752779
2.285383
8.371093
1.417787
4.932819
13.898736
5.588114
-5.704298
1.777901
0.919336
-2.580935
7.531574
5.546133
0.237071
2.180976
1.770662
4.016149
1.720395
-4.985434
4.302047
-5.674743
4.216144
12.340017
4.910886
1.092023
6.896041
7.060919
-2.248697
8.261043
2.445502
-2.178837
-1.029049
-4.819232
2.870798
3.173894
6.057501
-5.232171
10.606074
5.659348
-7.979380
6.753989
-0.530083
-2.596269
0.665295
1.697137
8.419841
4.785007
3.761556
7.850301
-7.485631
10.537091
2.337032
5.947321
-6.283202
1.042293
6.141353
6.065122
7.309997
-9.235301
9.060780
5.897630
3.619832
-1.310851
0.350866
-8.364487
-0.718198
4.644328
-8.834808
-2.317165
-3.678507
-0.298975
2.290655
-3.859968
-4.333990
4.738880
-9.228938
-3.028258
4.525612
1.058763
-6.416450
-7.863017
5.420572
1.086633
-4.821985
6.640603
1.339579
2.525609
-4.672980
-1.602787
-7.166842
-2.610568
-12.471929
8.591149
5.550552
2.401321
0.035805
-5.617512
7.184163
-6.648823
1.623363
0.111647
-3.449984
-7.145695
-1.782894
-6.976110
-6.272958
-2.341691
-7.161134
-6.193708
6.582825
-6.648006
5.479564
7.969194
-5.299293
5.715838
-0.209965
2.020420
-1.545322
3.570694
9.876708
-1.526175
5.220447
3.929208
0.016824
-2.238028
3.296196
-7.669174
2.464486
5.229252
2.095923
5.233645
-6.238850
3.431182
3.700201
0.957549
-0.914898
-7.454975
4.740643
0.730592
-3.995040
-6.180708
-2.552486
-5.121414
-2.134516
4.483846
-4.033557
-5.307692
3.563530
2.656758
14.277386
4.571444
-8.381586
-2.370087
4.820736
-4.876957
-8.676914
0.013866
12.750616
-6.004337
-12.682448
-1.687430
-0.922666
3.255354
-6.498035
3.670225
2.595614
1.406490
0.613748
-3.982284
-3.068046
4.295451
2.897925
1.826457
9.882138
-12.404499
7.048951
-2.746872
1.948337
1.632916
2.942284
5.460294
2.310319
1.847442
0.493160
2.916768
5.819765
-2.749169
-0.296767
3.653008
-6.694839
-1.820032
1.954305
3.550118
-3.570638
7.823525
2.215379
6.072969
5.793969
4.042139
-1.675460
1.451757
-1.177009
4.969798
6.811971
-0.557537
0.919184
-7.441574
-1.312638
-1.976796
8.471516
3.180016
-1.974589
-3.185321
6.144412
-6.076175
3.627080
9.434481
4.871631
4.785232
3.447973
-1.171584
0.508304
7.088259
0.084116
-3.185612
-9.806477
4.425375
-2.183524
3.366620
-6.337703
1.804829
2.625291
-4.523104
6.235592
1.339649
1.381878
0.668872
-7.546225
0.758688
-10.530917
-0.524913
-5.194976
-0.353106
4.357613
0.784395
8.156641
1.606708
1.533909
-1.666952
10.021384
-4.729768
-6.261886
2.876844
-2.841671
0.521217
-6.141427
-7.797831
-1.273108
-2.137924
2.684669
5.240353
-2.568825
-4.236510
9.655783
2.953497
7.115514
8.765326
1.967544
-2.460552
1.383327
-0.776394
4.275708
-0.086283
2.241869
11.337679
1.064003
7.975885
-5.467525
-6.054168
-3.260302
0.721830
-8.942045
2.771934
-0.502824
1.125934
-2.629092
7.110554
0.004246
8.604996
-8.444192
3.920067
2.955742
4.512594
-1.871060
4.231411
-8.986318
6.177317
2.426062
-4.400905
-2.663641
2.106888
5.083289
-0.548100
5.055884
1.316640
6.259502
-0.605782
-8.783973
3.446188
-0.605709
3.833410
-3.395948
-4.640621
-3.588255
-0.801848
3.930844
1.504969
-0.801211
-6.785235
-1.462642
9.588143
-1.113697
4.976589
-2.742382
-1.356713
2.434635
1.391704
-0.406447
-0.984485
-8.606976
5.654487
0.505543
5.084795
4.463381
10.952848
-7.699503
-9.337283
1.410309
1.768047
3.952666
5.635783
5.732017
-3.606411
-9.645372
5.986859
-4.213961
4.744376
-4.333616
8.248950
3.564123
1.690958
-9.721481
3.485794
3.458537
-2.001717
-7.672708
-2.673176
-0.265544
-1.562313
-7.771819
0.425718
-1.709146
2.613012
1.913700
-8.225450
-0.156816
-0.107151
1.783537
1.215290
-6.045731
0.659079
-6.658194
-0.030055
0.419038
3.737816
1.187834
0.339893
4.372754
7.940985
-1.065512
-7.837805
3.723848
7.171905
2.777020
-9.736461
0.192636
-4.924766
-0.522390
10.388389
2.721728
2.935484
4.388223
5.930367
5.604616
5.211718
-0.009292
1.143494
1.929864
5.294074
-0.683397
3.992917
3.969799
3.284438
-1.942158
2.288599
2.644629
-2.971576
-6.747050
0.501092
10.901438
6.082241
-1.662593
4.210725
3.364798
-0.972084
2.981479
3.119832
-4.196926
-10.440190
-5.817906
6.567277
0.296378
2.631833
1.774346
5.497793
5.115903
1.663034
4.377165
-5.835694
1.362598
0.123956
-4.564150
4.668873
1.390293
2.776160
5.810063
-8.003318
-1.151810
-3.035509
4.899044
-10.971312
-1.962029
5.984723
7.161843
-1.213746
-1.971420
8.446454
2.352710
-1.333559
1.072163
-5.418532
0.482938
11.979385
-9.832160
3.594874
4.068527
1.156503
-5.506789
2.763978
6.663571
6.106656
1.921345
-2.796566
-0.516964
-10.084044
-0.830363
-1.053193
0.598624
3.133694
-2.005643
0.243156
5.935212
3.999656
-6.901260
4.413709
-4.053223
-10.004008
4.962420
3.495949
5.211827
-4.277253
-5.691926
-0.320681
-7.918574
-2.960246
1.075312
3.588426
-5.413536
-5.373052
-1.101126
1.130320
-6.501186
-2.587072
-2.087771
7.637394
6.343047
5.138728
4.474111
-6.559216
6.764657
-0.369954
8.012335
3.896758
-1.520863
-3.311839
-3.007137
1.113415
-0.475065
-2.677305
5.279566
6.842474
-3.421031
11.349610
-2.640593
-1.466244
-5.683303
-2.514070
-12.637473
-0.421027
-2.533023
-7.268076
2.588085
3.982125
4.023969
4.045934
3.055877
5.149224
3.036682
4.396326
5.747257
0.193699
4.377475
5.072720
-2.968586
1.836246
-4.797219
-4.668945
-2.953302
-6.583611
-4.221099
-2.961682
-2.057540
-0.493985
2.056394
6.033203
6.408801
3.764965
10.321130
4.503769
-4.540570
4.939313
-0.880196
2.621912
-10.702905
-5.825575
1.284952
5.410474
10.254901
-1.424222
-2.791569
1.832264
-1.090194
1.722785
6.056588
2.063274
5.221574
-3.099265
4.728131
4.416032
9.916797
3.236843
3.080402
1.882068
2.786912
-0.876997
5.230053
-3.527130
3.092041
-1.235402
-13.844725
1.121412
-6.572748
-4.159898
-5.056971
-4.078614
2.711256
-1.423360
8.036644
1.717273
0.377190
2.022692
9.092744
-4.990107
3.515602
4.339231
4.157323
1.692630
-3.852341
2.792583
-3.473802
3.819850
3.796084
8.828407
-2.579858
-5.764215
2.984793
-9.985460
8.795208
-2.559456
3.876561
-0.427965
-6.004957
3.075986
1.673127
-3.321074
7.317327
-8.422235
-4.540743
6.392674
2.992414
0.722889
-1.165370
-0.392495
3.809157
5.588402
9.326125
5.615412
3.977493
2.005682
-8.248949
1.360143
2.032518
-4.572303
2.389453
-8.228016
3.595482
3.069029
2.584020
1.576053
-1.514105
-11.576613
0.564910
-4.734776
-5.688745
-5.728413
2.027154
1.217210
-7.342730
9.606730
8.425111
1.356533
-9.472203
-3.554834
5.744579
3.746736
2.930302
0.951967
3.258594
-5.888463
7.297709
-7.596603
1.481686
-1.187441
3.441814
5.253254
3.518701
7.068749
6.698796
-1.270172
-3.534857
-0.226437
1.182584
2.856007
3.431166
11.709331
0.976600
6.673762
10.791429
-2.920511
0.261415
1.185282
4.311607
7.412084
4.109578
2.897657
2.841092
7.857344
0.806737
-7.281364
-2.953495
-3.782271
9.321509
-1.989352
8.581616
6.336901
1.218543
2.346517
-2.783970
2.259298
2.181462
-7.025201
-4.077690
1.338442
-4.675056
4.037133
1.622187
3.894314
4.543555
2.440367
3.353516
4.323245
2.504765
-2.590804
-5.252837
7.935199
2.774562
1.325206
3.717983
5.340150
6.619385
0.035539
-0.474440
3.748582
-3.480776
-0.933930
8.291388
-5.808091
3.975168
-2.472087
2.107022
4.357059
2.375983
3.721338
3.381183
4.959701
-2.205913
5.766099
-6.082129
-2.355865
1.540513
0.581724
-4.125910
-8.521668
-5.350669
0.102969
4.219423
-5.505340
-6.701439
-8.859773
-4.122389
6.004902
2.803038
-0.219342
3.359851
2.295601
2.740956
2.782196
11.763458
0.723760
4.828847
-0.175508
-0.275324
-5.686681
-4.320730
-3.966406
4.944511
4.413380
4.076770
2.798544
9.164127
7.344859
-0.480096
4.519356
-3.708242
1.733135
4.185869
6.037226
-2.908041
5.583688
1.764855
-0.918290
-5.295379
-6.648682
6.572762
-6.609791
-0.912999
6.206805
3.020929
0.630073
2.154821
7.577961
4.876916
3.220945
-4.140775
1.297360
1.859667
-8.794209
1.470723
1.219293
-2.924515
-3.345058
-8.062329
-0.161317
3.006625
-5.407639
6.414106
0.579824
-7.461498
1.399205
-7.510540
3.105939
5.712632
-3.699300
8.224572
-6.653031
1.984596
-0.560035
5.069148
3.783313
-0.687938
1.847360
2.178244
-2.822249
5.447587
1.065606
7.532571
5.129631
-2.347838
0.052127
2.795361
-2.607284
5.215343
0.230763
0.921985
-1.744417
-8.866681
-1.111728
3.580324
-2.725812
-3.173839
8.201873
4.213621
-3.162858
-0.721716
-5.675331
-2.090133
9.301039
-8.302359
4.604168
-0.777047
-5.599219
2.476946
-4.343689
1.703963
-4.889927
-11.113233
-5.563446
6.125708
3.964530
3.700874
-8.123964
6.107834
3.662693
7.731230
9.237729
-4.334673
-6.406892
-6.524968
-2.498147
-10.007960
-2.845771
1.267821
-2.705736
2.102996
-2.517848
0.122104
5.398790
-9.185545
-2.310269
-7.949689
3.839227
3.908713
5.233800
6.577702
7.580262
-10.262759
2.763655
7.914336
4.761616
1.788978
-0.982775
-7.310566
-7.807319
-6.329709
2.212604
3.913086
-2.747386
3.296815
3.468824
3.934973
5.568821
-6.196704
-3.834016
2.503475
0.404767
0.562991
5.844165
0.719860
-0.492833
-1.943174
5.262129
-6.965730
-7.111113
-4.559642
5.776223
-0.548789
4.713941
5.897285
9.691500
0.572349
-1.301465
6.292047
-4.128696
-4.159274
6.202220
2.261202
7.652536
-8.867477
-2.342767
0.749123
4.912975
4.814554
-2.054732
6.650732
6.463205
-9.699901
4.520826
6.638341
-3.322422
-12.517110
-1.044519
1.058054
-6.597763
0.692042
-4.927797
-1.620787
4.441565
-0.692116
-2.569633
2.427923
5.437477
4.099211
2.924355
-1.050884
3.225548
-6.029413
3.326210
-1.645665
0.475607
6.357092
-4.678069
6.132172
-0.777283
-6.321911
4.976017
0.165014
-2.203336
3.298341
5.437024
0.002865
2.829967
-0.329872
-2.585572
-1.242189
5.880956
9.802482
4.674933
-0.674279
-3.906447
1.030415
2.461771
5.884073
-0.122950
-2.902845
-2.767018
-5.853112
3.511889
1.429190
4.435816
3.408942
1.643347
-2.535672
7.786535
4.023504
10.374316
2.130417
3.369156
-8.198812
-2.002229
5.794405
0.732506
1.092968
6.356653
1.797889
4.355236
-7.474471
5.415046
3.722880
5.225639
3.967358
-2.249880
-9.137615
-1.807508
5.977197
5.468043
7.042466
-5.168503
5.892512
-3.162265
4.883582
3.276717
-1.464556
4.322938
-7.067760
-1.732396
0.134396
0.894583
-2.651993
-6.830943
0.389229
7.026907
1.508199
2.105700
7.046644
-1.335831
0.604156
0.415640
4.985556
6.638997
10.505912
-11.233511
-3.713790
-2.352282
7.382332
9.987859
2.577551
-0.365484
0.549826
-1.081002
-6.294141
0.320021
2.956762
0.010420
0.469054
-1.515787
-1.057550
-0.871096
5.345806
-2.886223
-4.374272
4.250354
4.943708
-0.225005
4.753367
-2.591776
-7.076803
6.933262
1.789653
-1.239513
5.933934
-3.737580
-6.224542
2.533030
-5.893423
1.040513
-8.292004
5.006074
-0.768604
4.097452
-0.736837
5.434138
7.519732
-3.613456
2.684824
3.145417
-0.973726
10.441369
-2.480653
6.135768
4.771968
-7.439750
5.250402
0.871439
5.633456
5.081878
3.511595
1.345964
-3.590730
5.486528
-3.162286
7.839078
0.854981
4.893258
-2.266909
-0.127454
2.267470
3.330097
-11.218675
-11.583539
5.557443
-1.052882
1.256118
-1.520747
6.901475
6.309019
1.293552
-1.953728
2.862877
4.382730
3.026036
5.139770
1.280310
-5.759418
4.638175
0.489866
0.453103
6.907304
-8.496550
5.533093
1.503598
6.101573
0.962630
3.678592
-4.429033
-3.260227
0.869736
0.545419
7.420834
7.662275
-7.007157
7.671874
7.027752
7.741693
7.316130
2.353769
7.921061
2.204326
1.796760
-1.078322
-0.366960
10.247507
-2.303937
-0.425049
3.301385
3.026686
-3.656375
-3.724328
5.789510
4.046701
2.189737
-1.023058
5.258166
1.348555
-1.062290
10.357361
-4.491150
3.281611
-1.455724
4.051339
2.635008
5.676228
-4.830168
4.428655
1.928082
0.034804
4.269619
-1.310934
4.969941
8.385953
-0.844118
10.775097
4.393116
4.762200
-4.554736
-0.712106
-8.093440
5.047814
2.530927
11.614052
-13.189449
3.161402
4.722660
-0.577835
3.801702
-5.417543
-3.170739
5.473034
3.711111
4.624762
-1.908464
6.555880
4.951094
3.639924
6.101854
-3.638762
2.251355
2.160944
-1.037910
-3.217868
-0.462324
-4.639315
1.478953
4.014125
-0.348527
-2.541147
2.466666
4.746289
4.968290
-2.287629
2.310303
3.690322
-2.604090
-3.414699
-7.571930
-1.118077
2.380158
-0.499718
-3.323614
2.110304
-4.680119
7.306238
4.049026
2.017007
-5.603273
3.122274
2.299292
0.945787
-6.216606
-2.089422
5.456255
-6.478470
3.323486
3.997523
5.203076
-5.268930
-1.529866
-6.593660
4.339757
8.164470
-6.189670
7.655824
-2.127216
-9.669397
-6.764699
4.975044
1.122768
3.013259
-6.560230
4.053818
-8.059929
4.940556
-2.578360
0.788665
7.230616
7.868345
-8.988582
-0.026609
3.315717
3.184557
-2.189266
2.583688
0.689596
5.811624
0.806497
4.273258
-5.350354
0.006077
-5.102406
3.511009
0.450361
3.917690
2.891448
3.330372
4.222509
-1.886189
12.062061
8.996905
3.762259
-7.248319
-1.059968
6.617742
-9.789217
-4.558779
-3.668486
-3.260613
9.113352
3.237956
-7.448080
-3.230981
0.198495
7.312045
3.871732
-4.090670
2.616864
5.402705
-1.943033
3.173009
-0.525921
-5.860519
-3.045440
0.206694
5.956238
-10.678187
-0.202586
5.653406
-2.790981
-3.658912
2.020654
0.786071
1.719849
3.943615
1.753005
-6.400692
1.220189
0.451544
1.179027
5.718492
-4.688778
-9.539899
4.643927
1.432813
-4.737281
0.817680
-6.831352
6.524985
9.058998
6.205803
4.637164
3.152862
-0.481697
-4.419599
1.489424
0.615952
3.480176
7.410153
3.360958
8.044795
0.110387
-0.245634
-5.741317
4.379472
0.653766
-5.800977
-6.087979
5.077595
4.725459
-1.389121
-8.161675
4.652506
8.238871
-7.078157
3.039357
1.006071
-5.176546
3.103242
2.759043
3.874697
5.159433
-7.234725
-6.149851
-0.315849
-4.967701
-1.018046
-3.503266
4.747138
1.424488
7.322001
8.118677
3.032767
2.827608
-0.449861
5.146752
4.174290
-1.337837
1.646121
6.505857
5.940845
8.819041
1.003574
-7.552006
6.576459
7.130201
-3.530599
2.109021
-3.008196
-5.558782
6.312481
-3.482276
-0.105455
0.900421
5.689902
11.824868
1.373524
5.388048
-15.356605
6.186340
4.555058
0.022977
4.435121
1.452680
2.139281
-12.790785
4.983282
-0.532962
0.923534
0.470734
-4.101962
5.023531
4.235866
-10.528903
2.624215
-0.002598
3.353602
3.322099
8.930212
-4.076865
-0.893730
-7.958661
8.089552
5.947291
3.391468
5.089118
4.763081
4.334033
-2.293406
0.982540
-6.905620
0.267103
-4.783930
0.115944
-8.997624
-6.385681
2.787748
-2.944809
-5.508006
3.458090
0.350347
0.161655
3.360404
-3.277835
-4.849746
-4.431020
0.558648
-0.640297
2.646580
0.128728
-5.563623
2.699957
-2.408438
7.118965
8.477497
3.632275
6.002190
1.734231
6.048127
-0.221122
-4.705423
2.646780
4.314822
13.887252
9.911296
3.327608
6.296352
5.251496
-3.661972
0.966288
-12.584155
-0.159988
6.877418
0.337026
6.714727
-6.539418
-1.036539
3.300174
2.870062
-1.580143
-8.756815
-1.171877
-3.052807
2.311298
2.253414
5.717340
3.854114
0.725254
-2.157473
10.272020
9.166034
1.131828
6.559523
4.159182
-1.113415
-7.331292
0.182582
8.344012
3.442739
4.245829
-1.070165
1.636590
-1.252067
-3.604364
-7.099359
-0.019529
-6.261308
-8.896889
2.177464
-0.626128
-6.424813
5.916836
1.441536
-2.366102
-0.594600
2.846106
-2.643815
-0.165737
3.676179
-5.756637
2.026722
-4.129998
4.089843
-1.521946
-4.976684
-3.601435
-3.957260
5.518424
1.851077
2.155465
-1.261301
9.528052
4.671967
-3.689430
4.705708
-5.927937
4.906334
-0.459706
4.980758
7.686959
4.372547
-0.083005
-2.446556
2.081808
-3.798830
5.304128
1.968600
11.105094
10.022477
6.752444
-8.261325
4.775293
-5.532152
-0.503667
6.466007
-3.532004
1.051870
-6.169199
-2.434158
0.232885
10.656673
0.714279
2.111077
-5.238624
-1.673431
6.038931
3.903025
-5.434257
-12.210285
3.482404
4.770976
-6.728865
1.025069
4.815957
-2.331485
-0.285228
1.166944
0.303534
-0.406203
8.073740
0.440879
1.720171
2.559438
7.426301
-7.504257
-3.228030
-0.873851
-6.774057
1.924265
4.780561
-11.374520
-4.678714
5.521874
7.142658
4.918463
1.834156
-2.931954
-1.520892
4.299189
6.423278
2.470154
-3.093292
-0.885773
3.157245
2.982363
-1.856291
-0.834004
-2.238464
-1.240863
1.846451
6.678792
-0.727026
-3.369300
6.147443
-0.284295
-7.433683
-1.945166
-1.384236
-2.980522
0.530912
-5.993028
-5.357703
-5.001445
6.891243
8.670947
4.416406
0.268456
-1.236994
-3.324160
-1.372684
3.699419
0.680774
-6.253645
-4.335405
4.575792
8.748136
-5.420319
-5.032654
6.311894
6.187163
-2.108717
-4.172263
-10.220266
-7.112027
-2.670301
2.097998
5.744060
6.057781
-4.257072
0.820039
3.388205
-7.633773
6.296618
-7.314776
-3.821615
-5.847164
9.414029
0.065396
10.027869
-6.296753
5.343413
-2.139195
-0.265169
2.281085
-5.945668
0.429985
-6.078463
8.632568
2.968214
-2.257461
-10.955036
3.868320
2.584189
-10.239714
0.333987
-0.944183
-5.219666
4.649863
-4.578401
-0.651424
2.524291
-2.134466
3.776393
2.255409
5.510934
4.753372
6.682664
3.992212
9.573909
-5.910650
4.387252
-4.214720
0.288802
3.621406
9.680352
2.152228
-6.037577
6.920934
-0.060193
1.258955
9.027162
1.220516
0.030210
3.129106
1.811602
2.486136
-0.207273
-2.775025
6.683733
5.599569
-2.819807
-9.637018
1.051644
0.810807
-7.013846
9.913451
3.367699
3.153780
-0.398488
-3.619902
5.858796
1.226966
4.717963
-1.562191
-7.455786
2.112960
-2.954329
4.614958
0.452411
-0.433532
2.640472
3.386151
1.975243
5.262115
2.539447
-1.716749
-2.621040
0.016127
2.083403
-9.087070
0.547300
-0.655074
-0.223630
-5.299665
-8.442576
-2.692186
0.016177
-0.487723
3.480942
2.351500
5.131201
-5.310356
4.246854
-9.465139
-6.498060
-1.053553
0.325243
-6.208486
3.565564
7.278108
5.725450
-0.652156
6.504713
-5.106591
0.376663
3.629910
1.489914
0.173007
5.683071
8.087563
-4.743710
1.897098
-0.656749
2.663779
1.255202
-4.564279
9.392291
-2.614226
-0.436345
1.665311
2.752211
1.197443
-1.519049
0.808565
-3.670708
-5.285687
3.881628
-4.174647
-8.580557
2.067072
-2.707425
8.758061
3.236224
3.610646
2.265822
-1.115122
-1.519530
4.431743
4.676703
-1.531072
5.451048
6.157703
-4.154845
3.396430
-0.954386
-1.334771
5.300674
-2.006465
-7.300318
9.418482
2.874462
2.617855
0.073454
-6.668044
-7.008368
5.058369
-0.219603
-3.970993
-2.070816
-2.720553
1.778011
4.370826
-6.926526
4.329387
-0.468273
2.884820
-2.477507
5.057148
1.696468
-2.524354
6.186252
-1.777699
1.238228
-2.156197
6.737780
3.069074
-0.634173
-4.010899
6.616753
-7.593056
-5.710337
0.275138
0.984223
2.187506
-3.084391
4.352336
2.550978
3.663834
-3.706068
7.254909
1.005882
1.155880
-5.507177
1.051375
7.472576
-7.033155
1.594659
7.920296
-9.444563
4.165776
7.758852
1.675531
-2.289805
-6.502900
3.489304
9.417321
-8.491535
4.077632
-10.860173
6.307101
-6.527669
-0.056699
2.556002
-2.132654
-8.497774
2.825830
-2.874038
-4.615346
-6.166067
5.938165
0.532559
7.253560
0.263747
0.842256
-2.153562
-0.805984
-1.458570
6.778637
5.474070
5.030278
-0.596027
-7.391802
-4.063809
1.744719
6.485684
3.618740
-4.097682
6.022208
1.735545
7.836357
8.534906
1.280737
3.623302
2.445330
0.556840
1.728377
-1.439742
2.485753
5.156040
-0.148009
3.090209
-12.673462
3.973225
-4.898434
2.676449
-1.399743
-5.661289
-3.462523
0.534653
-11.955138
-3.510688
4.023432
-4.791347
4.329251
-1.314303
0.809167
6.523174
3.827396
-3.876444
-1.341535
4.364396
3.063747
4.854515
0.969182
4.419250
-0.574684
8.486859
1.683730
-5.084182
-4.617992
-0.789826
4.543976
2.080860
-1.606452
2.572140
3.659287
3.369390
2.033616
0.364774
-0.260093
-6.048516
-7.372361
-6.027677
2.578256
2.500943
5.006853
8.788883
-0.479769
0.500210
1.921623
-4.236820
-10.541179
2.152584
0.154627
3.432493
4.626048
-0.927149
-0.570451
1.955879
-6.837074
-1.790960
2.233300
-3.229466
1.203967
-0.979467
2.354937
2.267063
-5.745731
3.790215
-5.713592
-5.117841
-0.949428
1.722040
2.674298
-2.595305
-11.735329
-7.650413
-1.045445
5.736623
8.292124
5.917423
-5.965760
-11.469207
1.671574
-0.008564
0.226607
-0.906262
-4.921545
0.435343
2.040181
6.261879
-4.589621
-6.416574
7.607078
-5.452645
-6.120457
-7.871297
-7.677412
2.059983
-5.452161
2.557165
-5.023424
-2.523752
9.158313
-4.230915
5.998598
-2.095555
-0.706098
-3.868500
0.199928
-3.517947
-2.933161
0.557307
-8.804495
4.611155
0.384086
5.058195
-2.278038
-11.187030
-1.646975
-8.005218
6.348344
-0.281827
4.048405
-1.817723
-5.134343
1.014177
-1.665920
-6.802886
-6.052158
0.650325
-5.424787
7.406859
6.037347
-10.469952
-7.680790
-3.399694
-7.081596
4.441470
-0.156811
-3.356385
-3.436164
-2.623757
0.791921
7.660979
-1.717861
5.582206
-0.793716
-7.309454
1.203943
3.662651
5.050847
3.841430
4.013440
-2.114107
-5.730875
7.084217
2.671898
6.408421
6.627981
-8.149359
6.757881
-5.787454
-1.318473
-0.388224
-7.092479
-1.521513
-9.037329
8.122215
0.858305
-5.219908
7.307673
0.853624
-6.021853
-5.731905
-0.276531
-4.216285
-0.478686
-2.487503
-1.303119
-2.692705
0.117000
2.753798
-2.605168
2.976963
-3.771248
6.283734
5.343062
5.621832
-0.712926
3.604461
-2.065797
4.062824
6.144933
-13.187716
-2.141154
-6.047665
-3.460555
6.711747
-4.775519
3.096365
3.640285
6.384394
-3.756417
-4.943775
-3.642052
1.920806
10.862757
3.844994
2.985144
7.001753
-8.430904
-3.891944
-4.180695
4.538356
4.597379
1.016516
-10.799466
2.105329
2.479653
-8.621044
-1.320277
2.593865
2.668623
-5.068367
10.565671
2.045628
-8.039209
7.421844
-7.808144
12.636632
10.219789
1.228923
3.826374
-14.191487
5.109953
6.805337
6.070535
-4.706573
4.369853
-4.424406
10.147938
9.680922
2.419152
1.810772
2.639434
-8.774291
-9.830172
-3.126186
6.496737
6.313557
0.810781
7.503120
0.335492
0.541613
8.046105
-0.102472
3.268594
3.496886
4.261097
-10.044448
-7.951480
-0.636717
-2.741899
-9.607324
4.078004
-5.562064
0.381563
3.307740
-7.126784
-2.095771
3.805381
-4.360207
2.438137
1.334000
-2.680215
4.365080
4.355985
-2.443649
4.357962
5.667809
-2.020920
-0.728018
4.880164
1.137107
3.942660
0.637040
-5.091121
-4.974135
0.159634
-3.615780
-8.819090
3.690027
2.149115
5.747032
6.646541
-4.588832
0.489806
-3.952039
6.461945
10.857810
-9.264423
6.684154
0.390507
0.095049
5.240742
5.557032
-3.119140
0.042727
2.158292
-4.444120
1.838370
-10.788346
8.304162
-0.880709
-0.167898
3.355686
3.741039
5.221092
6.033661
-0.462214
8.139885
6.815808
6.188518
8.163335
0.240880
5.605584
-8.733253
1.276285
3.368995
-5.438255
4.584525
6.667417
-0.165501
2.664743
3.751750
0.141735
4.715417
-0.623250
-2.878053
1.684344
-2.870326
-0.761620
-0.778648
4.287805
8.729264
-1.829058
-10.326581
-2.305227
-8.713658
6.142737
7.155362
3.199964
3.056477
0.423852
5.412495
5.527917
2.313665
-3.744674
7.009148
2.857133
-6.001370
6.832351
-1.760073
2.835722
3.495962
-0.681305
-6.642703
6.349685
8.386289
2.684415
0.064443
4.100583
3.336041
-3.102550
-5.047719
-6.216960
-9.870480
-4.078174
-7.251124
-4.286567
4.600893
-11.535114
7.075926
-9.997683
2.009531
1.419912
3.451535
-0.985318
-6.314904
4.452840
-9.961003
-6.933400
2.517858
9.279345
-3.330228
-13.873618
6.780948
6.023710
-2.491840
5.314353
9.115000
3.026923
4.826992
4.731251
3.418769
6.640825
1.030464
-1.121084
-0.249609
-9.739580
-4.436983
-4.828325
2.210252
8.465627
6.159110
1.433842
4.053629
1.708491
-5.387138
1.079675
0.796597
3.843445
-6.276176
-6.966924
0.047375
2.994200
-14.313020
-4.673094
-1.486013
0.149873
2.332251
-5.748752
-3.070385
1.589425
0.972830
9.271222
-6.540497
-2.596355
-5.268965
-2.965510
1.398090
-2.741784
2.822464
-0.698127
5.400809
0.980560
-11.620557
0.288513
1.392499
3.036162
1.063368
3.524945
-3.107779
-0.584752
1.196111
-4.629830
1.579736
5.349855
-7.132963
6.602977
-0.255004
5.546068
-12.948237
3.429896
5.218403
-1.926026
-10.938391
-6.291976
2.575148
8.035044
-2.953734
0.695497
2.211900
-3.153637
3.486014
-1.043651
-9.900998
1.471449
2.769276
2.006541
3.702763
-1.332792
8.675850
5.306090
-6.024724
4.222894
1.801594
-7.946833
5.476859
-2.017214
6.769297
-0.149281
-0.497527
-7.062397
8.924712
-2.819152
11.881213
5.066509
1.938996
7.294213
11.516663
0.970209
-6.456194
-5.285064
2.924268
-2.531016
0.738774
-2.320834
-5.957749
3.483263
-3.714561
-3.145477
3.579136
2.654235
5.576423
0.310272
-0.818136
6.495867
1.262929
7.502165
-3.575227
-6.640324
8.828876
-8.878886
-13.868574
0.058125
1.741907
4.410837
1.173184
6.614748
1.786460
4.619627
1.785998
-0.329472
-2.905101
-0.425500
6.107398
2.809935
-1.183488
6.052474
5.857486
-8.625854
3.663000
2.586987
-5.104072
-6.681468
3.007872
-0.266370
-3.217127
0.381409
5.830181
6.102314
-11.889702
-4.952767
6.657055
2.578105
3.112076
9.008529
-2.996216
6.482094
-5.103001
-8.400525
6.326224
-4.629384
-10.037139
4.845144
-7.669988
5.302609
1.806657
3.180425
-1.349178
9.224972
-7.513969
-1.709382
2.148460
4.009022
2.404722
-10.976276
1.104212
-4.574238
2.618281
-0.157463
-4.539858
-8.428699
-7.064576
-10.798718
4.054885
2.461043
0.823867
4.293714
6.703284
-3.384454
1.854696
1.103639
6.100522
-1.327239
7.340860
4.953628
9.244321
-1.251144
-5.383112
0.771582
-7.021553
0.751240
-3.537394
0.080889
11.798948
1.872102
-5.914814
-3.181881
3.214761
-6.250528
-2.796730
-2.812477
3.153693
-1.602168
-0.095188
-0.082717
-2.521674
4.120955
0.884059
1.642167
1.063672
6.596419
2.014831
2.234405
4.597568
-4.216177
0.408643
-0.255525
6.700787
-7.378012
-9.236392
-6.350529
2.973215
-4.800772
9.757534
4.662255
-3.031630
-0.890934
3.213302
1.532581
-3.903640
0.328091
0.245575
-6.184433
5.620569
-6.831665
-2.937727
1.533568
-3.982281
4.690569
-1.237180
2.167426
0.935813
3.527036
-0.782125
-9.874288
1.397450
3.210843
0.021534
-9.441112
-4.397579
-1.295856
3.943267
-2.229655
-7.103815
1.712096
1.553200
-7.726021
7.629448
-8.087310
8.201776
6.572623
5.328997
4.371294
2.743462
-6.010873
4.986672
0.110361
-0.831167
0.281244
5.376190
1.607895
5.573811
-3.230885
-4.828156
0.550122
-3.145681
5.818599
-0.498357
-3.406445
6.890109
2.612837
13.587057
-6.102661
-4.601355
-2.825264
3.904025
8.222629
4.840492
-3.247817
-1.501090
1.507060
6.026753
-2.060604
-7.337162
1.575562
1.834718
4.718068
4.665523
-0.657022
-0.480665
-5.264886
0.230163
6.485138
-2.178580
2.717993
0.994701
-4.334402
6.820622
6.517471
4.656870
-9.108234
-4.522521
0.911324
8.382341
-4.106290
-8.811572
5.530323
-3.515929
0.466321
4.091396
5.541741
1.488747
4.207782
-7.028399
-7.827611
4.084904
1.505072
-7.408241
0.160286
-5.471955
-0.713117
0.996294
-0.796823
0.611435
3.645937
8.998903
5.767230
4.847521
4.741013
-14.385311
0.567481
5.640634
-4.301668
-2.569936
-0.640612
2.407164
-1.452903
-4.666664
0.707146
-0.044300
3.747608
3.379836
3.763116
-2.990778
11.233876
6.513139
6.188216
5.038961
-3.344756
8.336120
-2.868228
-1.473140
6.127735
-4.113443
1.323505
-5.236267
3.919812
4.277382
-4.173820
5.432446
-6.008667
6.218050
1.069343
-3.175478
5.749603
-2.353850
-0.773508
7.584489
6.061968
-4.076097
-3.121467
3.339985
-5.853014
4.854488
4.566941
-0.116159
-2.704436
7.150576
-8.975555
2.241537
-0.458673
-2.091236
4.568117
3.414612
-8.762456
-5.017888
-8.747535
4.833198
-5.257282
7.295348
-2.855744
8.007338
5.789411
3.652588
-4.539924
-8.949290
2.718621
-0.299772
-3.209914
2.669726
-4.983717
5.488776
-0.773878
2.024962
4.426529
5.201653
-2.548357
1.129329
4.675669
-3.839675
-0.023507
-6.179283
5.662230
-1.532487
-3.074287
-5.213553
6.075714
6.066661
-2.374695
-3.446067
4.637299
-4.291012
0.272710
4.776725
-6.442510
3.795336
3.910126
-6.992596
7.670170
-7.258928
-10.745012
-0.333707
-10.951044
-3.553834
-5.728259
-2.902254
-2.054013
-1.460127
-2.195051
14.404849
7.552909
7.019011
1.032133
-4.297717
3.538932
2.815032
4.136703
4.013391
0.725500
-0.662226
-10.839727
-0.745158
7.956999
8.054818
7.221656
1.715536
8.607944
-1.607665
1.392063
-8.322955
9.678253
-4.670456
5.629051
-2.199454
8.509757
-1.908342
-0.290474
3.934615
-7.278953
7.188210
6.642764
-9.821502
-9.309105
-1.244421
9.514527
5.202339
-3.316635
7.936855
-4.607175
-3.094175
-4.207116
-2.563281
6.642283
-1.500299
-8.066986
-11.391061
2.025223
-2.664406
-0.071523
-4.167315
10.975740
1.944919
1.199895
-0.085663
0.828863
5.093682
7.278121
6.091172
2.902185
-3.033591
-8.679788
1.856486
3.478558
-1.228283
2.216467
2.916280
-8.810944
-2.561787
-4.960866
-1.917488
1.833423
-1.509834
1.807081
-4.502532
-0.001786
-5.797554
2.943498
5.450744
7.608189
-6.822556
0.928486
7.996741
2.305988
0.631726
0.967774
2.450703
4.915818
10.907726
2.012393
-4.939248
-7.946922
-3.311430
-3.521765
4.893384
4.506781
10.549337
5.083690
3.199446
-4.388172
2.215310
3.293155
5.943008
-2.029692
-6.478324
-3.311366
-1.336411
9.622561
6.804670
7.807117
2.409040
4.315744
-7.535928
3.402964
-7.758691
3.101458
5.532806
5.518864
4.581689
10.900263
5.906638
2.312320
5.557865
-1.197839
-0.284489
5.623788
4.022698
3.750987
3.428495
2.481714
7.082056
1.131744
3.559276
4.452584
7.280189
2.173188
13.737946
5.285785
-8.386472
5.776056
-5.544978
-4.655192
-2.465237
0.990904
-2.625227
5.374807
0.972809
6.022202
-2.510999
6.611864
3.849578
-6.021227
-0.470600
-2.787277
-2.952354
-4.043103
3.769293
5.150126
6.865188
0.842545
-0.304874
1.714697
11.573660
-10.375153
-8.993221
-4.107593
4.974655
6.372045
5.036061
-7.161708
10.901317
-0.162853
-5.828436
0.452463
4.799275
10.503710
2.589443
1.713298
-3.123497
4.044147
-0.004326
7.598908
5.343160
-7.948198
7.992527
0.204073
-3.565069
0.280720
-1.415899
4.948001
-5.869179
-2.670057
-6.142740
-6.153568
-1.398521
2.423383
5.355413
1.236166
-2.775853
2.046515
6.701413
-6.456891
4.251183
3.451974
4.666439
-2.062953
11.849690
-3.416864
8.215108
-5.813006
-6.401247
9.276725
-5.907109
5.698008
-2.908366
10.769766
3.157559
6.367756
0.351241
8.256622
0.869863
5.075745
-1.313300
3.730988
-8.548839
2.870262
-2.773395
7.269894
4.894546
-6.502740
-0.415102
-5.364044
11.009663
-1.755744
3.379247
0.845264
0.877566
-0.877590
-9.748224
1.060497
1.732694
-8.207375
3.732582
-4.902762
-2.791750
-1.772312
-7.437874
-0.013653
-3.800376
-3.280251
4.332649
-2.008860
-6.370470
8.470562
-0.504211
8.830836
-1.217289
-2.057703
-6.172657
6.959951
-4.002187
-2.788625
2.838216
3.410198
6.775617
2.637822
1.856700
10.835783
2.002584
-5.757771
9.580567
4.411359
4.970499
4.494572
1.813945
0.451352
10.092969
-1.820195
-3.175926
0.617947
7.038199
-0.224545
-3.018944
3.870561
-11.808313
3.073876
-6.587690
-1.016500
-5.638850
-0.245031
0.825868
3.532463
5.450575
2.669925
4.138256
-2.534275
2.187697
-0.636221
4.025507
8.657174
-9.874210
1.451842
-7.788563
-1.633670
-3.163682
-9.687523
-2.468422
-8.325628
-6.397724
2.225802
-2.165805
-2.489840
-2.403031
5.010864
6.929404
-3.565851
5.111615
4.916380
-2.863029
15.905987
4.031946
-3.082920
2.148702
-3.650453
6.510338
-2.086262
-10.418113
1.986428
6.941674
-4.270455
8.866339
-4.544771
-4.464069
6.109801
1.384556
2.023553
1.868401
2.757179
2.460248
2.840755
9.924811
-7.748804
5.722978
2.150000
4.455475
-3.497841
-4.152199
-3.244015
0.225776
5.755251
-4.974280
-2.879696
0.583263
5.835063
-2.557184
1.522088
-2.209837
0.830726
-1.741391
7.653954
-0.568434
-1.250142
-5.620739
3.694555
-2.899913
6.953559
-2.681716
1.755482
-6.289793
1.491079
-0.352554
-9.375156
5.383076
-1.451914
5.076853
10.583981
0.371067
7.510738
1.743125
3.593940
-6.942790
-2.236994
6.034512
5.633070
-10.505609
-6.281209
9.140052
-0.833783
-0.174501
2.163406
-2.471730
-3.302075
-6.350219
5.008275
-2.148634
5.685362
9.264374
-5.161661
-0.226820
1.270072
7.864848
0.805499
-5.742041
5.463749
-6.083422
-4.355186
-2.090202
4.414029
2.989705
6.895923
6.579220
4.360668
-1.414261
4.486586
6.489086
1.875150
1.677635
-3.360636
-3.508204
6.849905
10.094533
6.885546
5.360440
7.490171
-7.026181
-9.973070
-2.509478
5.339337
-7.963150
-3.118020
4.656797
-1.583927
-0.485598
6.672640
-2.353098
-1.563816
6.975430
2.991437
1.989964
-5.140229
3.434034
6.422457
1.028690
-3.405968
-4.965772
-3.513168
-6.958276
0.860289
-7.833123
-1.378507
11.323907
-7.132840
-3.807659
3.123894
-0.464396
-0.160660
-5.116600
-2.297334
4.699525
4.444660
-6.954147
-6.755241
-0.564830
-6.640244
2.342101
0.904384
-4.166607
-5.079902
0.177491
1.022022
-0.498103
-6.033704
-8.831225
1.649421
-3.780511
-4.856038
1.050368
-5.967899
-10.079776
1.230736
-3.167568
4.190467
5.759897
-4.838107
10.194225
7.478748
3.070271
3.789876
1.707407
2.397325
-4.455400
-0.958843
5.287295
-2.133987
2.223148
-2.142400
-0.198040
-3.856171
-10.911008
3.846337
-1.765482
6.438507
7.716808
-0.847237
7.236020
-5.414020
-3.042885
-2.357125
2.627222
0.421576
4.863563
-6.432057
-8.710648
-1.624322
-4.316819
-8.640277
-6.040129
6.207870
0.450775
5.131695
-0.088978
0.288403
1.183533
9.497155
-7.168130
-5.969506
4.839023
1.061312
-1.282577
8.192077
7.384239
2.777162
-7.956529
0.202796
-9.015101
1.525434
0.818646
1.288952
2.062898
4.511752
-8.186144
-5.019523
-1.486215
0.110281
-2.632819
1.168186
-2.403681
5.090262
5.312112
1.194241
3.051178
4.028434
-1.351230
-3.003066
4.566374
5.685182
4.078525
6.425615
-4.171297
-8.265514
8.814319
-5.863507
7.619038
0.952198
7.028452
-2.875393
1.153552
1.399774
-2.181166
1.254768
-6.409065
4.236010
1.903845
-1.248979
8.845207
3.485551
5.538173
3.268307
4.263803
1.362716
5.346851
0.766398
5.066964
5.065510
-2.780230
4.786573
4.843758
-5.174398
0.658801
3.378391
5.221892
-1.701639
1.986430
0.037315
1.413253
-8.394613
6.448036
4.844954
3.867356
2.646508
5.596203
8.495732
-1.301150
-7.554027
6.635478
1.587696
2.762318
-1.845996
-2.235084
-4.133406
-2.667789
7.891473
6.407880
4.566082
-0.828962
4.799223
10.615980
4.551885
0.732720
-3.067024
-5.902383
-10.439057
5.697580
0.956436
5.044524
-4.673589
6.561242
5.735093
2.297548
1.511234
-0.273590
1.827658
-0.821202
3.322253
-3.246823
2.511782
1.884324
-0.860404
-1.860528
6.111891
8.282496
-2.076865
4.736369
-9.422467
8.152669
6.217329
4.054555
10.009772
5.030499
9.120943
0.645364
-12.068361
-4.578181
-2.582116
3.922441
11.311547
4.347701
-4.373506
-4.309504
-5.689175
-7.981656
0.925375
-7.652784
7.647861
-1.326311
2.724845
1.958039
2.732666
9.130622
-4.463677
5.395271
-4.357397
6.829652
2.962431
5.293663
9.131135
3.863081
-3.333773
7.986256
5.385339
-2.375909
-2.420799
3.279254
3.475543
-3.332570
6.561695
-2.984373
1.530370
6.837923
8.406240
3.499131
2.485439
-6.910266
-2.054278
-4.902840
2.794578
-1.651344
-1.716702
-2.460052
-10.884894
8.804005
-3.487708
-8.203999
3.077905
1.697631
-0.634781
6.785102
-2.477715
6.978632
4.849357
2.876494
-4.834435
-1.395241
7.642203
3.165177
4.363621
-6.811788
-3.293557
6.208013
5.934097
-2.620339
1.657172
-1.023265
-4.354810
-0.422673
8.654627
-5.330103
2.713116
6.191745
-0.144583
-3.331589
3.987233
-3.160556
5.786542
-3.853130
-2.629701
-4.904586
3.037912
-0.035552
-3.711633
-4.440380
-2.592114
-1.355396
5.607810
-2.164221
-1.865061
-8.207120
-0.275981
-5.072463
-1.584094
-5.729267
6.243574
-5.045221
6.832247
2.570717
0.939227
3.305041
4.023332
-2.358614
6.188295
10.150573
3.389290
3.614167
2.790872
6.428535
4.410603
2.122175
4.709775
-4.952832
3.438176
-0.842331
8.130110
-8.370135
-6.914177
9.585759
6.777627
-0.906218
3.004305
1.472778
9.279553
0.893299
1.853862
-0.920324
1.108774
-1.936992
7.764123
6.534535
7.495266
-2.053999
5.597504
0.335108
-6.686590
6.597235
-4.204860
-3.988218
1.398465
4.011227
12.007079
1.326735
0.397310
4.791658
1.553336
0.174991
5.289098
-4.167522
-0.777999
-11.606107
-4.773045
-7.782255
-4.081064
-4.261456
3.946461
4.961204
-3.573962
0.321802
2.138635
0.750717
-6.117880
-1.237349
1.308779
6.212426
0.497037
-9.503949
1.910507
8.935644
-7.136947
0.638536
-7.322174
-2.370423
10.576577
1.337411
2.806113
5.723514
3.803131
-0.234313
3.512984
4.480190
2.883668
2.931573
1.822364
5.307604
-4.834024
5.337029
-8.984385
-4.403637
4.801728
14.460953
6.276114
-0.038405
-7.507632
5.716364
0.808623
2.270233
-0.821730
-3.454667
2.252743
2.807739
6.185782
-5.894182
3.343771
-13.686776
-9.748605
6.115250
-6.222752
0.125577
0.688073
6.848423
-7.539656
-1.438040
3.177460
5.460216
-9.892535
4.340269
-1.016026
10.644938
0.721255
-4.984486
5.559013
8.033889
1.044463
-2.104388
0.812651
11.638940
-1.645456
-10.328973
-2.891511
1.217233
-12.201811
5.916612
11.255788
6.856926
-6.494911
3.116198
-8.349918
-6.683550
8.016140
-2.767764
-8.154864
3.255083
-3.716234
-0.386386
3.960368
-1.419191
-4.240348
-11.192230
0.701337
-3.879908
2.847671
0.432447
3.450049
-6.172156
-10.076510
10.476302
2.410566
3.076792
1.092894
-3.381987
-9.043495
10.777023
4.238642
3.141530
8.215572
-7.942993
5.175305
-4.977145
1.129274
-2.907998
5.096408
4.352374
-1.605395
-7.938803
-4.219847
0.625146
5.291714
-1.159485
8.934809
1.185623
-6.431418
-0.636957
7.017546
4.485667
-2.619992
3.911733
3.386496
5.436209
0.905381
4.986449
-5.665613
4.097150
-1.397217
10.258565
2.187942
-2.435634
1.042207
5.780640
0.077518
6.313548
-4.397463
7.096758
-0.016304
-5.817319
3.414174
1.609412
-6.053013
3.572557
3.264758
-13.143345
-4.201426
0.915143
6.808113
2.813425
1.081804
-4.435448
1.361563
0.982620
-3.658243
2.936702
-8.055321
-7.650659
0.698694
-0.540024
-2.732571
0.615698
1.000747
-5.624988
-1.658386
-1.933614
3.461231
2.671694
3.612261
-0.487295
2.834283
3.025725
-8.200249
3.264750
-3.735876
7.829455
3.883861
2.218397
1.138652
-0.660794
-0.965026
-2.297918
-3.920896
-2.862645
-3.781253
6.278347
2.868127
3.832680
8.410303
-1.181794
-0.373841
6.548319
-3.815787
2.000184
0.196529
3.168008
-4.683189
2.693382
-4.630933
-2.403125
-1.421084
6.762138
-4.298878
-9.865952
3.137517
3.408074
-2.030650
6.497676
-4.475929
5.432591
3.446615
2.778430
1.832789
0.711783
4.012608
-4.395889
1.208187
-6.059140
-4.710622
0.698825
0.761009
5.617591
6.306530
1.885305
-0.004204
2.771887
-4.076679
4.458163
7.754521
0.241230
-7.132382
0.414792
3.620273
5.224730
-7.239512
-5.551408
-5.013742
2.097564
-3.836120
4.850801
3.306445
-0.082786
4.742327
1.780342
6.584393
-6.100678
-7.968057
-1.049097
-8.305246
0.358431
-4.857285
6.405251
0.049896
-4.397455
-2.336172
0.660516
-9.469035
5.584916
-5.445804
0.611343
-1.296346
9.011534
-4.601280
-7.352040
3.960945
-0.760678
0.496281
-4.788024
4.599724
-6.174550
-2.203547
-0.154821
-3.906052
-2.030847
-12.522463
9.544684
-1.293705
0.820847
1.874352
4.038845
8.014934
-2.659448
-1.596021
-6.926660
5.602230
0.714063
3.575681
1.885644
-3.729471
-7.072155
-0.924800
-5.587466
6.328269
4.784875
-3.178978
-3.373364
1.570335
-0.099856
8.779531
4.898281
3.076762
3.030933
3.998788
-0.990330
-9.195037
1.150398
-2.163872
3.163882
6.344719
1.433456
-3.241015
0.438033
-0.683037
-0.353737
2.947957
-0.369202
7.318267
3.124011
7.073687
-8.215922
-5.705330
4.537893
-1.738973
-6.030654
6.187735
-0.678101
-9.572448
10.700677
-6.661890
3.229543
2.702456
4.932789
0.642318
1.051626
-7.160603
3.343800
-2.746582
-3.704149
-11.029901
2.051328
6.062546
1.092915
-9.502368
4.483166
1.224335
5.197738
6.324421
0.872588
5.753546
-8.368484
5.239529
0.312496
-10.211547
4.057599
5.242864
1.543582
5.294368
-4.485151
7.102297
7.006907
-0.132505
-0.932525
9.263410
2.451310
-1.656092
2.696889
3.461831
-0.830619
-6.177863
0.870808
-4.635114
2.416683
10.088789
-3.245379
5.782845
1.448938
-6.080699
-2.264313
0.833453
5.299966
1.070327
-0.437564
3.809046
1.214510
5.079180
8.420074
-2.920677
4.723765
-6.354851
-5.729902
8.951765
-0.509029
-0.143182
-8.659582
-8.816397
-2.659401
-5.689746
-9.315960
7.224966
3.614605
-4.339764
-1.665420
-5.364984
-7.466357
-7.432288
-2.301376
-2.679896
-6.118391
2.578837
0.906264
1.001149
-7.575564
7.989075
1.173455
0.909467
-0.798141
3.728511
3.743657
-0.619607
-5.368924
8.087947
-4.269378
-0.806569
-7.623993
2.416864
4.532637
0.986229
-0.114058
1.434740
-1.449122
15.109834
-2.372677
-0.058272
4.122466
-4.274642
-9.747786
-14.705759
-2.906285
-7.415792
6.744688
-1.512141
-7.803841
3.545109
-1.132291
-2.353490
0.454050
-5.109222
10.123126
3.239336
-1.485621
4.109276
-3.065446
-9.148635
5.366880
6.867175
-3.327385
4.371231
9.175533
1.826582
-2.053611
-6.360365
1.447232
-2.737932
0.386151
3.180991
-0.460044
2.354219
-3.202157
-1.416848
4.666158
-2.638656
-1.273138
3.551028
3.931668
2.066028
12.672387
10.167698
-2.188045
-9.413472
-0.152910
-1.470157
-0.373176
1.546678
0.921924
5.835951
1.016193
3.674615
3.184943
-0.251091
-2.860799
-4.486988
-4.720558
-10.690030
-1.136978
-7.051857
3.709407
7.326778
1.404073
0.275574
5.375680
-5.646146
4.791143
5.475382
2.936899
0.374088
6.216479
-5.102988
1.631428
3.345405
2.618768
0.201083
-4.295627
7.069274
5.966623
5.586683
-9.284566
-1.746392
-11.786556
2.475883
3.261016
-6.458556
1.443420
-3.309416
6.089742
7.126822
-0.267723
-3.986390
8.752082
5.750848
-4.806933
4.288117
-7.681903
4.695221
-3.101110
-0.005478
-2.481374
2.165085
2.521868
-3.410711
3.393382
4.768493
-4.619133
2.980007
1.920614
-2.825228
-3.563838
3.653922
2.808604
-1.898510
-2.384664
-1.527596
-3.702923
5.282439
7.604804
7.988421
-0.836486
-2.331202
-1.394308
5.169104
0.634094
-2.260952
8.959296
1.456860
4.240280
-3.314509
-10.067516
0.180611
-6.238884
-2.869504
2.684625
1.637845
-4.179337
3.631202
5.147677
0.803389
3.309969
-4.990452
1.155070
-4.681863
4.152190
-0.549437
7.556380
1.306339
0.873542
-2.695203
-6.977165
7.320927
2.631906
3.936462
-3.850123
2.930628
0.940191
1.189158
1.033965
6.805588
3.188330
4.750906
5.761551
-3.287892
3.368999
7.922273
5.722747
-9.428306
1.070393
-0.162974
5.267070
5.122417
-2.322284
8.035478
0.283240
1.586631
-2.844651
-4.819264
0.240858
-8.774771
4.436547
-2.794106
2.937433
-6.284534
-0.073411
-2.391608
1.131029
-8.301857
-0.332292
-0.143333
-4.863659
-8.639108
1.330657
2.936446
-2.757014
4.288675
-2.149423
0.934114
3.531807
4.498332
3.388004
4.411258
3.581230
-5.014274
5.808089
-1.084146
0.007619
6.631611
2.610665
6.416594
-1.170587
3.397832
-2.440215
5.318194
4.428095
-7.063843
6.364208
-2.971079
2.883858
-8.789133
0.931202
-2.835023
6.265928
-6.834758
-5.530337
-1.191149
6.655919
0.462214
-1.917710
5.686882
4.606078
-0.609258
-4.659330
4.661470
5.595233
2.700849
-7.743069
6.520222
4.165933
-6.844263
1.570747
-0.834472
5.900251
-4.570759
4.680689
-2.667167
7.669079
3.003122
-7.031174
-8.724466
8.600982
-5.807494
6.679309
0.010168
5.834110
-2.031313
-11.749129
-6.709115
1.552010
3.539594
-0.250461
0.744593
1.346728
3.030592
-1.328810
2.172969
-14.606471
9.638618
1.136921
4.094940
0.004475
-10.032503
-3.588077
-9.138853
0.218775
4.376337
-5.717087
5.639764
3.057522
-7.134833
-0.476431
3.114738
2.476336
7.201222
5.992445
4.999205
4.256287
5.138130
-1.479346
-8.215494
-5.123969
8.543040
7.495783
-1.899057
3.114745
-0.342461
2.120575
3.233903
-2.413185
1.823569
-1.624172
1.817424
5.137890
-10.302223
-3.617306
2.032782
-4.111967
2.873624
1.886161
9.926916
4.231966
5.873661
-9.577476
1.246536
6.068141
2.601049
0.291594
2.884257
-0.436318
1.747228
3.442933
-9.755668
6.575154
2.975187
-2.790222
-4.807972
-0.412677
4.065135
4.061742
-6.536418
-4.484489
-0.291233
-1.910293
3.408422
-4.984285
-6.830672
-4.673138
0.088949
4.123967
-0.350514
2.872944
-1.430464
6.062257
-3.007698
4.509985
-11.083339
6.294848
3.867745
1.576971
1.142014
6.587876
7.870067
-2.418603
3.072181
3.889446
3.211477
1.187142
3.942077
4.421247
-3.084829
4.656008
-2.246723
4.470930
-0.235567
-5.327245
-3.739703
3.235394
-3.920804
-5.422347
-0.086176
-5.710565
7.284774
7.060441
1.623837
3.564727
1.628930
2.575573
5.723103
0.991648
-4.087924
4.150217
6.959631
1.058943
-6.113804
3.207436
-5.577354
5.255372
0.110201
-2.754778
3.554031
2.743703
-0.163327
2.190694
-1.423899
-6.500275
0.787380
3.547736
-3.706654
4.755396
-6.609030
7.541717
5.352472
5.172479
-4.634834
-4.723615
2.391035
4.173085
-3.974647
-6.925729
-4.005471
1.591641
-1.826304
-2.316118
-2.259071
-1.797529
6.434080
5.153056
2.186467
4.438708
-0.955400
-4.228495
-9.699936
-0.654998
6.152560
-2.542837
7.293986
4.403840
2.243614
-0.750994
-1.719779
6.862402
4.748184
3.421319
-9.255985
5.085836
3.761739
4.665406
-1.053617
-0.622020
2.675973
-2.229177
8.060489
7.383752
3.096887
8.560146
-3.795737
-3.925449
-4.648673
-0.588500
7.252220
-2.375069
5.327956
7.166879
4.270668
-13.600305
4.946972
9.953563
4.634350
3.743904
12.433276
0.268220
2.333076
6.210764
4.070621
-1.413100
5.861736
-5.733883
6.012621
1.346648
-5.025058
-5.218323
-3.254289
-1.864951
2.557231
5.017513
-3.240128
-1.175020
-9.138395
-4.805202
-8.311058
-5.034539
-1.772266
-10.400658
6.454719
-1.605698
0.277753
6.058907
-7.486365
-5.964074
3.221179
-0.094825
-4.680762
5.542283
-1.882356
7.577586
-0.391663
-0.817541
2.038347
0.285359
1.671562
-10.978464
-4.875017
3.416901
-1.135922
4.988483
-7.777095
6.957336
-4.538745
4.566723
0.447796
-0.317436
2.342547
7.156001
-4.709962
-3.759479
-2.830698
0.758566
-3.512506
7.722622
0.244167
8.182342
2.978320
5.496354
0.117727
1.930811
4.320405
4.932778
3.267418
2.921702
-2.002382
-8.264798
-2.228488
4.554107
-0.399538
3.676742
2.224651
5.421256
-1.045925
-5.171113
-3.013983
6.141218
-4.481299
3.098013
-3.000689
-10.514686
1.228866
-3.517549
3.425567
1.938793
1.932307
-4.041039
-7.927609
2.763259
-5.280914
6.784624
-0.951045
0.197981
-3.049932
4.662486
0.457897
2.458752
3.780636
1.020688
0.747410
2.859213
-8.446981
-5.494734
3.341559
8.295777
-4.785194
-3.093547
-5.621834
-4.747680
8.297424
-2.354200
4.920171
-0.681167
2.305336
-7.537218
5.125653
-3.708907
0.395964
3.323839
-5.418420
-2.981241
-0.296786
-0.380454
-5.457621
-6.397134
-11.035620
-10.465609
5.879454
-2.739720
-1.584691
-3.466921
1.568650
6.587245
7.036151
1.912678
2.116529
3.514121
-9.728192
4.130699
-7.452995
1.573531
-0.694782
7.157772
-3.463874
2.113905
-1.369588
8.806054
3.631544
-6.615145
-9.689523
1.368422
8.655373
-3.909423
2.134050
-2.806226
0.772350
0.169920
-7.714129
1.468938
1.393901
-7.458340
-0.908931
3.264867
-2.600880
-4.352375
1.487307
-0.077518
-6.546437
-0.625172
3.358178
6.450244
-3.923941
2.245458
5.340908
-3.744129
0.192567
-1.662490
-8.292345
-0.720464
-6.432899
-1.559995
1.946796
3.273642
-0.744583
2.566121
6.238752
5.887935
-3.073209
-3.158735
0.434098
-4.675233
1.653461
4.302459
4.329998
-3.402424
2.972226
1.381849
-5.811197
-8.044756
-2.353534
-0.550861
5.199223
-1.474322
-4.073148
0.445926
-0.906275
-0.262927
9.581246
-0.686826
1.025567
1.814968
5.657603
8.663519
-7.541009
-9.800703
-5.836145
4.433164
-5.337302
2.499180
-1.814688
3.381048
-1.742505
6.221797
6.393234
1.421226
-1.123773
3.604281
-3.504695
1.828796
6.519428
-10.106667
-3.331768
-2.504836
-4.035475
2.423311
0.338735
6.600443
-10.714301
4.084883
2.722124
1.718273
-0.014926
4.912978
-0.227647
2.842783
-4.370673
-9.409067
5.458966
-0.274255
-2.469014
8.747522
-7.572274
-2.271765
6.809442
2.009946
4.577861
-8.487637
6.645906
5.701191
3.681260
0.639181
4.587486
-2.564488
3.424597
5.684305
-5.918920
-1.550333
3.019931
-3.798417
1.678758
1.003996
-5.548600
-7.483609
-7.922565
-4.398400
4.789241
2.050402
0.301554
1.480561
-0.472218
-4.738505
-0.959745
6.646352
6.620611
-2.091697
-9.047840
9.597243
3.486768
10.185600
7.734454
-1.246809
-6.867361
-1.634732
-6.404401
0.939501
8.945306
7.444633
-1.788757
4.157773
-6.710627
-7.114479
4.830302
-3.440561
-5.044699
-11.492983
0.625508
1.568538
4.115411
-4.486937
-3.088181
-2.941432
-7.255314
6.580135
-7.632432
8.501805
4.425066
-1.514102
4.738146
4.440314
3.478382
-0.025568
2.327489
-0.613164
-5.710434
4.459805
3.908399
1.283994
4.847693
1.962593
1.605536
-1.376781
1.599786
2.001680
5.880177
2.638209
1.812201
-2.966231
-3.058982
-3.614222
-3.942352
4.515065
-7.593434
-4.576317
2.977506
-13.309695
-3.165116
-3.516763
0.203060
3.778892
1.386919
5.800749
-5.848200
2.454957
3.525996
-1.100770
0.534557
3.815100
3.437305
9.254532
-0.017418
7.422026
-1.103495
1.968434
4.836794
-5.024850
4.672690
3.193232
3.093462
-1.783621
6.366658
0.756094
6.357195
5.445835
2.403560
-1.490357
0.363065
-2.851726
0.769794
3.475963
-5.949703
-8.805342
-6.759470
-1.326730
6.762879
0.382081
3.416084
-4.152500
-0.642777
-5.234377
8.659692
-4.064114
-3.449342
6.054238
-2.419704
-12.567299
-9.497620
6.554833
10.356192
2.236399
-0.943549
0.910571
-7.479812
-5.400479
-5.899455
-5.737681
-6.778066
-5.219051
-1.091719
6.611506
3.443500
11.908041
-4.208190
-4.317464
-0.757763
-7.747727
-6.179540
-3.210052
6.114174
6.005267
4.057354
-0.015478
3.872733
-3.304697
-4.381950
1.781968
6.019952
-2.466435
3.109747
-1.939965
2.881177
-1.400782
5.503399
2.421237
-6.386968
6.577090
0.807524
-0.956242
2.658751
-6.744930
3.035580
-6.006857
3.048060
0.807193
-5.207680
-8.516954
7.707318
5.307090
-1.330036
-4.783792
3.505374
3.796218
13.432676
-8.872872
3.910466
5.071955
8.191855
-5.463786
-4.666463
3.245114
5.163110
2.383642
-5.247489
-4.722757
1.204955
-3.165701
-5.299984
4.741696
5.230498
0.758153
4.527293
-6.153345
-7.159944
6.581079
-7.572374
0.576851
-0.698373
6.935540
6.149518
-5.541355
-7.954768
4.542102
1.898497
1.464126
-2.445864
-8.318256
-7.289164
1.131918
5.012578
-1.927606
-0.812687
7.466050
-0.846494
-12.863324
-0.373066
8.856407
-2.108961
1.998736
0.230738
2.418890
-1.164387
-4.386628
-3.728056
2.116400
-0.596099
-4.954152
-4.562015
3.090001
4.532408
-7.445979
1.766065
-5.240263
2.802151
0.853611
-3.147526
9.978287
0.842347
-1.749381
-3.422701
7.721747
5.979902
-6.227675
0.194938
4.143430
3.165851
3.963732
5.644757
-5.693470
5.886153
-1.503657
-2.231257
6.508890
9.095902
4.692551
6.475847
-2.612009
-4.443972
2.872352
3.986470
0.391636
-3.732038
2.856817
-0.934666
0.956476
6.667215
-4.658270
7.438055
4.362324
-6.886811
4.827190
-2.996717
3.627826
7.386127
3.427144
4.639624
-5.927124
1.452029
3.126894
-5.428608
10.775393
5.985552
-4.303641
-7.302283
2.974891
5.644192
6.152340
0.430296
6.567760
-3.849784
0.537013
-4.455075
-4.341384
0.185014
2.525285
11.262988
-10.183365
0.288475
5.194487
1.389414
2.152873
-5.016062
-8.602715
-6.629524
10.296063
-6.609760
-7.637986
4.338900
-6.762154
-2.709323
-1.080190
1.973303
8.311558
-1.861286
4.457877
-4.748174
-2.273723
-10.709418
-0.676812
7.782363
4.961477
2.000867
1.544466
10.465350
3.797456
-3.337047
2.329537
5.357520
1.891540
-2.213532
2.777771
0.103616
1.171256
4.951828
9.199289
-2.070059
7.182563
6.060270
-7.020582
2.244693
-3.651900
-3.467710
-4.777936
-14.301267
-0.094690
2.421312
3.046524
5.451839
7.590531
-0.850462
2.382991
-1.344244
5.849255
-5.818531
0.994551
1.152249
-5.743512
-2.890877
-1.151094
1.155860
3.953481
0.848107
6.992468
-0.876522
-10.341893
5.344483
0.713757
-3.280388
4.151028
-7.418307
-6.476678
-6.004467
1.412387
-6.499195
-7.362882
0.561850
1.682701
-6.661732
-3.895544
5.491837
3.667732
7.911123
-3.574262
0.855925
2.512212
-13.908781
5.962424
-3.361147
4.658954
-0.253710
2.815335
2.246280
0.589497
3.316848
-3.530475
2.790448
-11.475956
-1.581364
0.769983
-9.259367
5.917588
-2.874957
2.354268
-11.409898
2.826189
3.729274
4.853621
-8.385236
-2.358176
5.773236
7.468791
0.265686
12.713005
6.461532
1.260333
-0.541038
-3.318721
3.626697
-6.046442
3.950298
6.339241
3.680982
5.996993
-3.389219
-6.622257
3.568345
-0.243195
-11.522726
-1.060564
4.314511
-9.961446
-0.899925
-2.619767
-3.111950
-4.150911
-9.079370
5.705424
5.216970
4.460050
3.642759
-1.831061
7.122187
0.938596
-2.021841
-4.460226
-11.665028
1.569202
0.294026
-3.251847
8.995261
0.459179
-5.085303
0.932110
3.847879
-1.213450
3.259348
-1.197368
-0.404682
1.724977
4.018216
-5.199020
5.441669
0.209468
-4.662918
8.609823
-4.115805
9.739898
3.023518
2.269911
4.410681
4.443619
2.857322
2.632877
5.705447
1.839782
4.983210
6.149349
3.814489
0.080196
-9.632083
-3.520046
-4.774395
5.143688
-7.731436
-2.628613
5.054173
2.736641
4.281280
0.728728
-1.873882
-0.179297
-4.614614
7.292112
5.082909
-0.950117
-1.197162
0.765323
0.997314
3.211101
-5.169949
8.431951
7.071708
8.042643
4.669554
6.851677
2.916749
5.850290
6.557461
0.207726
0.207704
2.502888
-3.658841
3.110229
-5.511237
7.997067
-4.183096
7.986517
4.444285
6.695561
-8.711904
1.983900
-6.104002
1.687316
1.834968
3.870666
-3.683576
9.086434
-1.164830
-3.701449
-1.372932
-7.258692
-3.835184
-4.336631
3.360240
-4.682184
-7.917255
2.485054
1.902809
-7.736112
1.426462
-2.125320
-4.612646
5.954410
13.113580
-10.323533
3.162423
2.752518
-1.235615
12.420895
1.897623
-0.723779
-3.132607
5.847913
2.783807
7.746747
-6.203455
5.794281
4.522153
5.345330
5.013625
-2.141420
7.775116
-3.543559
2.995830
-5.397102
6.158997
6.012840
3.206111
2.514651
-7.956691
1.926229
2.281871
-0.346654
-3.585651
-0.363890
-1.979341
-7.593140
-3.092107
3.845761
7.092527
-8.125118
-0.984310
2.179879
5.339981
6.079661
-10.343242
2.194376
-6.256388
3.287042
-4.752870
-1.284856
1.675349
-1.616356
-3.557789
0.539650
5.987275
4.948982
2.645888
0.569409
1.423800
3.576112
11.552546
4.855742
8.858736
7.958988
-1.878420
3.944982
-10.653148
-3.677282
-0.004801
-1.379104
7.364629
6.712592
-0.783329
1.503420
-10.676146
2.926093
5.234348
5.919017
3.170623
5.769791
4.042715
0.786009
8.020457
6.869159
2.425010
-0.112777
4.104047
9.707161
1.120469
4.323146
1.068067
-3.300606
5.115885
-2.800184
-1.476079
3.322464
-6.751765
4.489421
4.815227
-7.439284
4.989880
-2.148283
3.897360
-4.448854
1.202030
-1.603618
-0.070593
0.040780
0.542155
-5.954005
1.670609
-14.459971
-2.303738
4.781789
0.192061
4.138597
-7.296839
-6.815158
7.583822
5.800438
4.821012
0.802548
-2.112708
6.073095
-0.462323
0.891116
-0.260661
-2.549968
4.067366
-4.734967
1.428758
7.232426
7.163230
-1.027691
10.933843
2.004077
-0.011409
-6.062009
4.381320
-4.067601
0.824117
-5.321891
7.147055
2.026685
-6.398669
5.546797
-3.782334
-5.633316
-4.618111
-5.812649
-6.869397
2.247474
-6.901709
5.573708
3.977595
0.192830
4.862551
7.972133
-4.585977
5.648492
6.833873
5.169098
5.298490
3.775985
8.580095
7.212545
3.408937
-3.960870
0.953665
-3.039829
2.060864
5.234411
-1.334430
11.955676
3.252884
0.565171
5.602309
10.420506
2.943799
-5.760742
10.672012
6.025136
6.516745
9.010599
-4.157773
-4.753901
2.052782
2.499699
-8.503496
-11.580912
-0.826013
-5.335196
4.902844
2.492911
-9.655598
2.809445
-0.161505
5.040983
-0.028007
-6.465432
-9.515619
7.244820
5.118558
1.974700
3.331030
-3.862788
5.743225
-1.170782
-8.283610
0.939522
-4.399917
-3.532010
-1.697730
4.349781
-6.882043
3.638632
-12.439457
1.652094
1.147840
5.390336
2.490574
3.607866
2.180772
-0.461004
0.081553
2.798624
1.990651
0.444721
-7.719972
9.195325
-3.213085
1.267661
4.711743
-2.463978
11.967053
6.233407
4.821235
-2.442695
-3.761432
3.201089
-0.040111
-6.381517
3.488920
-6.340794
-4.266565
-2.722855
10.685476
3.382844
13.241146
2.591125
-2.698327
-14.619321
5.253207
7.383594
-7.206442
-0.816156
4.671918
-4.760084
-0.167151
2.904447
-1.610908
-0.968575
5.669913
-0.746611
-1.983927
2.266111
2.480366
-6.377729
-9.012757
-7.840865
0.561050
2.810780
2.712138
-0.217146
8.326919
-2.004606
3.286123
-9.435669
-6.580407
4.352296
1.522950
3.157777
5.848228
1.815555
10.677811
-2.759402
6.957996
1.078914
3.864236
12.892573
4.495361
4.275028
7.616137
-1.091674
0.022164
3.768554
6.330035
5.722655
-3.790778
1.630465
-1.615892
4.453561
0.947535
-5.755012
4.329162
5.317351
-2.600461
-6.985791
1.498246
-6.792789
6.580023
3.215185
-6.952888
5.268552
1.514319
8.050322
-5.908814
2.676655
3.359415
12.081383
1.575963
1.106824
-9.870613
0.271494
3.589082
3.457474
-0.435753
-2.615695
3.478763
-2.653086
4.955821
-3.550091
6.424901
6.937275
-1.865773
9.261817
-9.296593
-7.751896
-2.327990
-8.315345
-2.930548
-1.425900
1.263168
-1.226009
6.299791
9.229244
4.342224
6.455262
-5.921069
-4.614823
-4.276703
6.310467
0.342050
3.428913
5.177399
1.717443
-4.731478
3.511079
1.411178
-7.430420
-1.220248
3.766743
3.319838
9.237480
5.143376
2.678199
4.484120
-6.595044
-0.414500
0.189288
4.681866
3.589023
-1.334575
2.394227
-5.218193
4.132730
1.341312
4.308147
1.189285
-6.970027
7.306951
-1.595465
2.076354
-3.042902
3.800533
2.798605
0.779502
8.432585
10.840070
1.663506
-7.836384
-1.067392
5.849167
3.352217
-1.610204
-2.875699
-3.552495
0.296510
-0.137965
3.282200
7.094876
5.599273
-11.436148
0.476676
3.509444
11.017133
-6.471720
-3.503001
8.052873
5.791054
8.825686
-0.672830
4.605694
0.269362
0.286433
-3.829179
6.555768
-6.590430
-0.932960
-6.726538
0.386307
7.846854
-2.643303
-2.007177
1.520153
1.551685
-11.594134
-8.690282
-1.876723
-7.407219
1.660870
-3.386340
0.897272
7.012019
2.425929
5.608015
-2.484524
2.639519
-3.275597
-1.024779
-13.339256
-4.478893
-5.074410
10.083510
4.816158
-4.808169
-2.774956
-4.064280
-3.142676
-5.943613
0.984275
0.950065
2.840616
-1.958006
10.190595
5.528178
-0.890044
5.278199
1.117597
5.329919
10.398992
1.100875
-5.803857
1.732448
-8.624817
7.577949
3.027134
3.412416
2.531738
-5.799446
-7.254880
6.410554
-10.105374
2.384963
-7.361886
0.758179
-3.392401
1.410118
-3.923602
6.474509
6.717915
0.604264
1.788802
0.506076
0.138925
-0.663365
-2.728590
-3.988808
-1.961070
3.999836
-1.535008
0.323643
2.921972
-5.643994
0.080463
-0.378219
-2.876580
4.639189
6.026074
-6.167465
-3.503598
0.450657
-3.753528
-1.563433
0.769866
-7.760856
-1.835346
2.494431
2.283976
8.778638
-5.876944
1.302060
3.494809
-1.490491
3.027706
0.391070
-2.965970
4.871715
8.820014
6.109163
2.173124
5.474722
5.918504
-4.161173
-1.059536
-5.041580
-5.528581
-8.101003
1.063237
-1.938457
8.920126
-4.087684
-6.930733
3.329638
-1.434069
10.317987
-8.008979
1.331849
-2.353659
-0.344501
-2.389053
-0.483952
-6.005252
5.481149
4.423335
-0.724484
-3.881834
-7.723773
9.424399
-0.310887
-7.239132
3.072793
2.797349
-1.255316
-7.862782
2.240019
-2.957555
-10.675566
-1.646446
2.020168
6.632273
-0.247769
-2.539585
-2.483291
-4.784800
-8.413287
-3.122571
0.997470
-1.178692
8.924252
-2.406791
8.919336
2.349583
0.356121
1.577219
-3.657563
-4.842150
3.206430
5.285308
-1.449485
-2.285966
5.786873
0.706568
4.781483
4.296916
-7.059726
-2.289612
-2.284256
4.156049
3.564089
3.193962
3.310086
0.782534
-2.375854
3.617994
8.142215
0.301997
8.155700
1.515308
-5.604170
-5.434218
1.011123
-8.674490
4.997978
-5.298680
6.026022
-6.081324
5.530606
4.115370
2.081385
1.009769
4.860065
3.597265
-0.768398
2.832721
-1.169313
-0.188370
4.104618
6.916944
7.285637
6.933580
0.968342
-1.836252
2.856777
-10.779662
2.054493
-2.962721
7.760662
3.434654
-3.876489
-4.701765
3.370085
7.900863
1.939981
-1.972509
-5.753801
0.447357
-1.390371
-3.152409
0.801191
-0.159420
8.818928
0.439340
2.096709
-3.410986
4.136221
2.699179
-2.876914
8.065977
1.590864
-1.885218
-2.417967
0.626193
7.867243
-9.174988
-4.436905
5.655570
3.077186
-9.277842
5.558508
2.095707
-0.829565
-4.410042
7.526980
4.001167
1.917750
6.234712
-7.572209
-3.672212
-3.412688
-6.268298
-5.650850
-2.521998
-9.883738
-9.234287
-5.270449
-0.647232
4.057667
-4.686298
1.598347
-1.902882
-5.186333
-1.956717
4.442989
-8.758951
-7.213416
-4.644150
-8.681584
4.500903
-0.598340
-2.819707
2.186261
-4.150818
0.631473
2.868162
10.613203
1.526746
-0.504071
2.691061
6.684785
-11.105175
5.133400
0.032870
3.367626
0.818718
-0.605604
0.950675
-2.524913
-6.834880
-4.314832
-3.161810
-8.842323
-1.612389
-6.982396
2.844864
2.272985
-4.015311
-3.776819
-1.920714
0.512061
3.565254
2.912823
4.766148
7.898664
5.658467
3.592016
-0.901711
-1.961979
3.566349
-2.259384
1.968451
-1.927655
-3.487225
2.135170
6.870632
12.998172
2.627880
0.793550
6.955847
-5.192555
-12.487087
2.127856
-1.641540
2.993732
3.716954
6.298121
-4.246449
-1.647688
-1.235087
-3.307325
3.691446
1.658345
-2.014185
-5.768734
5.670007
-2.378828
-5.156644
-5.521563
-7.083119
1.567804
3.813126
-5.982066
-5.981504
7.927909
-0.055766
7.670262
6.231328
-0.389564
-2.741614
3.067919
-4.821136
-8.892152
-1.437520
4.819601
1.488878
2.019865
0.429179
-3.849055
-9.953583
8.068462
-1.025482
-4.217709
4.875184
-1.033158
-8.119102
11.663591
4.599352
-6.836486
2.037178
-0.626951
-7.815772
1.469618
-2.363026
1.948175
0.038576
-1.545236
2.263766
-3.181729
4.430742
-1.473730
-1.137904
1.063082
-9.811879
-3.557107
4.147692
-4.587263
-4.737483
2.986676
-0.249180
-4.149622
7.879287
0.851396
-2.320060
-1.225215
-3.733004
0.304687
-5.951774
-5.576752
-6.038064
-5.465279
7.309818
-2.966049
3.196048
0.420834
-0.887391
4.641458
0.476882
-2.626286
-1.373570
4.728967
2.880353
4.361715
-0.592693
9.064717
-2.210326
-0.983780
3.018491
-2.340535
3.097144
-4.295818
-6.146870
2.433042
3.904513
1.826644
-4.581189
4.086183
6.685280
-10.925498
-3.815065
5.538207
1.894063
0.968129
0.945057
8.256214
0.154808
6.401544
2.348928
-10.935072
8.091891
-2.679809
-8.528088
10.017298
-4.571367
-2.723541
2.519010
-2.992836
-3.083513
6.586909
4.484637
2.172708
-6.662349
-0.356801
5.463864
9.396993
-2.446750
-7.646808
2.609698
5.644895
11.303847
5.938936
0.339041
0.660787
-2.089736
4.395759
-1.655691
5.977580
0.617014
3.812088
-6.168058
-4.610517
-11.126336
-6.639652
-4.241776
-4.350088
-9.917384
-1.411748
3.300849
-2.595470
5.805234
-1.820986
6.453836
6.310348
2.442340
-9.305133
1.438858
-0.183750
-7.753084
0.094523
-0.036092
-10.667509
-0.483450
7.330508
5.273742
-0.849809
2.674954
5.476899
3.888055
-7.446904
-3.881136
2.722879
-5.508945
-0.064863
-0.312185
-0.696514
-3.586391
6.175729
5.178499
3.942002
-2.757969
-7.207483
9.478255
2.498342
3.269566
6.387267
3.090036
0.271094
-4.903257
-0.651942
5.599081
-5.368519
5.689069
-2.667166
-3.327889
5.693551
-3.405765
0.281323
-1.532810
3.325323
5.766555
1.665841
-0.130983
3.654313
5.066292
2.158848
4.307826
-7.062704
-7.543005
4.296313
3.174570
2.507538
-1.799037
10.461119
1.231741
-7.623882
10.144459
5.715236
2.586397
-0.778652
-4.773442
-2.150770
2.262540
6.938803
4.655416
4.540911
2.969719
5.545557
-4.005513
-5.060567
4.965690
2.170187
-10.202821
3.833389
0.364118
-11.494679
0.924241
11.403187
5.923602
2.903065
1.463853
4.826017
1.720921
-4.376496
9.945692
-1.043466
4.122366
1.793894
2.368632
4.351669
3.950878
2.543476
-6.704309
6.107477
0.527803
9.735391
8.658592
-0.500364
1.867419
-8.575389
1.850484
6.174374
4.787070
3.808916
3.832746
-5.626264
2.974205
5.964314
1.485892
3.223867
4.213952
-9.826857
4.279764
4.795915
0.481095
-7.797670
5.517241
-3.220699
-6.206904
1.961794
0.929836
-10.212660
-9.507358
-0.694736
-9.765794
-1.053777
2.728529
2.530088
-0.382720
1.662922
-6.532130
7.075926
0.702382
4.118713
-6.882756
1.925474
-6.561679
3.923405
3.081986
-7.397098
-3.718718
-6.889075
-2.755252
-10.653586
-3.449163
0.904259
2.302401
7.020737
-10.613950
4.122949
-12.189037
4.981751
-2.106025
-5.856114
0.291508
11.222517
3.591719
-1.155968
-0.663368
-1.929442
0.232632
8.344556
-2.157522
4.751890
-1.722603
-5.925588
-3.073606
1.369257
-7.851827
4.654886
9.578415
11.865821
-1.149819
1.969034
8.786064
6.597325
-1.351855
-10.400356
2.763637
-2.033385
-8.340095
-4.957467
6.424828
-6.744175
-1.253776
0.404104
5.627279
2.432160
1.363628
1.837119
0.537776
-2.771950
1.733903
8.225364
-10.479949
3.315252
-2.352493
-1.403609
8.505659
-15.188020
5.002593
-1.066888
-1.565462
1.401819
0.773052
8.578978
5.478991
3.956489
6.075302
3.495251
2.211277
-4.030198
0.326660
7.024034
-0.593778
5.825218
-3.254018
-4.458182
4.313211
1.144419
4.777984
7.997269
9.723169
5.405401
-4.917613
-0.031288
1.482475
-6.297080
-0.790820
-2.461798
-1.754436
-6.716249
4.306860
5.676693
-14.289799
5.623752
-0.398854
5.525750
0.401174
3.238823
4.012791
11.389121
2.918181
-1.083620
-7.415139
-3.195309
-1.925280
6.199310
1.741470
0.428724
0.810873
0.527237
-11.615276
-7.199680
-6.639709
-6.542824
1.702922
4.233934
6.337660
-8.521266
1.096999
-1.242810
8.992336
6.498580
9.694787
4.739042
7.553904
-3.714426
6.814888
4.009196
1.876090
-9.908666
-4.416608
6.884596
5.898079
1.053363
3.350542
-0.740377
0.128437
2.893876
-2.455560
-5.871441
-0.125417
4.857458
3.029325
-3.688536
4.000599
5.720873
-3.179413
2.650486
4.088542
13.528678
4.521816
-2.910033
2.149306
4.328204
8.135658
5.247405
-2.520875
5.103022
-2.223607
10.654237
-2.372265
-2.957275
9.569259
-2.951747
-5.206498
-8.286907
3.891586
3.827270
2.189842
2.625477
6.886591
-8.173425
4.968954
1.641187
-6.958262
5.762046
2.905198
2.531378
-2.625303
-5.278783
2.857287
2.814320
3.315690
7.226051
6.501120
-1.988360
-0.309580
5.504621
2.515203
3.526037
-6.784872
6.093210
-8.859889
-8.735792
1.761803
-7.086865
2.408504
9.153283
7.240804
-2.205025
-3.174803
1.082228
1.663830
-9.399476
1.323926
8.013071
-3.330808
-5.126369
0.831570
-1.991663
10.254888
-4.264055
5.225319
6.035767
-0.404660
-6.243046
3.700246
6.423978
1.872435
4.166353
-5.466140
-5.896488
-8.905107
-5.957314
4.350530
1.452287
-8.909456
-7.967878
-1.759849
7.384438
6.471441
-8.984084
-3.972273
-5.831320
5.890798
-10.680078
2.978448
-0.269189
4.840825
4.262835
-2.582812
5.610478
-0.787125
-4.626030
-3.264750
-4.746277
-8.813190
-0.513984
0.037595
-2.116153
3.072817
3.736549
5.794287
-2.453252
4.227387
9.054527
-5.918629
5.221436
3.077957
-5.766457
1.409297
-0.728368
-1.966672
-0.834157
1.483357
-1.459198
3.863955
-8.351530
-1.384441
-1.602821
5.994834
-1.129624
1.965716
-10.334374
-0.914707
10.026155
-0.260783
8.654133
4.977775
5.391500
-0.085646
-0.726098
7.541421
2.956930
6.044163
-1.797918
-7.998608
6.026976
-5.198134
-4.953598
-10.295716
-1.379777
7.070959
3.141926
-0.874017
6.571143
3.377364
3.064509
0.062368
-4.310239
2.874718
-4.598244
6.598503
1.208272
-7.039532
-10.357855
3.138690
6.580258
7.656013
-3.185697
-8.613571
2.173072
0.646864
5.235837
0.013410
9.646604
-4.694288
6.972021
-0.595247
-4.428938
-10.889410
-3.043209
0.438000
6.475315
13.260557
2.013958
-1.755140
5.176564
-0.742162
-4.609900
7.045113
5.239198
-0.499932
-3.984107
3.808685
3.109281
-1.519508
-3.103718
-3.802358
0.704702
-2.125990
4.241199
3.786116
1.664713
1.095895
-3.776623
-1.794476
5.202677
0.042094
-3.252511
-0.636304
2.278024
6.339858
4.325480
-1.609150
-3.549503
-4.644232
-3.016951
-7.558085
5.697152
-1.374479
-1.823182
2.748823
3.979967
5.162132
-5.180865
-9.550320
3.256848
7.726122
0.714804
-0.119039
-4.947024
-2.230628
-4.082048
1.694406
-10.311508
3.246019
2.182221
0.969224
0.204907
-6.556285
0.455088
4.396597
-8.735294
-2.540433
-2.902940
-0.282796
-5.950653
3.188927
3.053078
6.024952
-7.225922
2.171581
7.561419
4.226527
-7.662849
-1.437298
6.871988
-9.837706
-3.527310
4.471281
4.944290
-5.712155
-9.160486
-0.302735
6.757277
1.577704
2.917857
5.314138
-4.189785
3.174077
-1.662266
0.543990
3.758913
0.422941
4.172076
3.931370
3.438543
8.079968
9.840919
-4.879470
3.042261
-6.025409
5.796018
-4.776703
-0.192256
5.574429
-1.248704
-0.181255
-2.611107
1.805640
14.219103
-1.192063
3.560585
-1.487893
0.266265
2.706831
-1.482377
10.978352
-3.103119
2.576125
6.360953
-2.057784
-2.114026
6.784331
7.008026
0.115997
7.627259
-3.884884
7.871135
6.212224
0.286017
-6.605089
-2.275502
-4.096008
7.596962
3.085730
-4.150456
9.497653
3.478661
-5.196034
-3.178598
3.304071
-10.312910
-10.469463
-12.507187
0.903756
0.714552
-3.463401
-8.228999
4.071474
-6.653378
2.768744
-5.283313
5.359725
4.688526
6.242314
-6.924669
-4.472469
12.500698
-1.716872
0.059590
2.061851
-0.018984
4.003361
6.808541
8.951886
0.223756
-2.561247
7.094498
8.165361
2.859443
-2.721504
-5.673860
5.865647
3.787679
6.815482
-9.097731
1.924482
-5.636161
4.313383
2.042162
2.732565
2.319996
1.169167
1.720957
4.981117
3.411997
-4.040996
-4.310623
4.662176
4.128913
3.252009
0.178697
6.752966
-1.845327
5.661153
1.214185
-0.011584
-4.555192
1.127660
3.382881
-0.495489
7.957375
6.594032
-7.104494
-0.656192
-9.178928
3.821776
1.684674
-9.923634
1.621523
-6.275941
-2.405666
6.563942
-2.215615
-4.579615
-2.865139
7.213330
-9.500712
-6.683017
-0.534295
-2.257847
-1.644762
6.866076
1.632481
-7.070941
-4.164582
3.923173
7.569831
2.174244
10.623426
-9.161927
-1.453465
4.901191
8.734170
0.384773
-0.686180
7.218652
-1.201524
-3.411937
4.472359
-7.506989
3.751514
2.490628
2.685096
-1.206957
-6.584681
2.561337
-4.059364
-0.387191
5.809290
-1.731575
0.290770
-3.942547
2.044392
3.810014
1.726741
-1.448206
-2.231548
-1.955839
2.818129
-2.162827
1.351517
-2.293650
3.448141
-1.860774
11.432032
-6.254903
-2.367217
-9.840600
6.161029
-9.011692
6.953989
2.078637
2.610834
1.087138
8.083952
6.239418
-4.793769
-3.143204
1.371755
10.336839
3.260579
1.007969
6.619545
-2.653741
3.622024
-8.022253
2.171985
-4.189950
3.750537
-0.383732
-10.573328
5.407421
-5.485716
4.746350
-10.388959
7.167709
11.715820
-1.943743
1.700054
1.308509
1.765277
6.891427
2.737797
2.553294
5.540445
-1.180041
-2.588048
2.659760
12.639394
-0.604288
-8.989357
3.531937
2.436191
-0.034986
2.545195
3.409964
-1.411186
7.100125
-7.376301
-8.339562
1.474521
0.159315
6.955374
7.174092
7.529338
5.767139
-0.087087
-2.938194
-3.065391
0.936125
-6.755173
-5.304672
-6.695727
-1.945780
7.241007
-4.978355
4.071001
6.207332
2.365338
0.463506
3.111431
-1.273961
1.435259
0.733978
-4.554736
-10.625284
12.239474
9.885275
2.989993
4.142970
6.645166
-4.229778
4.978803
-8.351385
-8.911872
4.374599
6.521726
2.598476
-2.494336
0.909285
1.486339
5.195880
11.128133
5.025233
4.590351
5.923734
6.637055
1.007237
2.995475
7.823519
-0.254171
-8.475631
-0.256852
5.575831
0.842025
-6.922850
2.550632
-4.633744
6.235866
6.227015
-10.813896
4.167737
4.200264
3.130324
4.264763
10.867940
5.491497
-6.708053
1.198871
-0.144878
-7.482576
2.182336
4.635439
4.230715
-0.759774
5.669546
2.214958
-0.408852
-1.921512
3.514616
2.568332
5.103232
1.315821
2.919277
9.319389
5.970716
-1.307736
6.341746
2.498264
-5.678700
-6.563802
-8.036451
-3.341715
1.185691
-2.298172
6.117344
-4.084648
1.152489
1.686716
7.182549
-7.002130
-9.703352
-5.608492
3.180488
-2.594292
-0.059706
-4.996037
2.748724
-1.647953
2.558933
-5.415084
-1.649481
3.580963
10.441981
2.799933
-6.767054
0.964344
0.416063
6.994366
6.138650
6.032322
3.455252
-6.117411
1.405611
-9.512781
-3.260362
-8.631267
-0.934879
-3.676913
4.700915
2.815392
-0.444639
1.143432
-2.597648
-3.036007
2.850644
-3.542617
7.247626
-0.545701
-8.735187
-2.967642
6.775998
5.256196
-10.737220
10.518250
-8.219927
-9.367936
-13.060242
4.575471
-4.346904
5.166042
7.129714
1.046341
9.584688
9.462622
2.686092
7.546571
-8.173965
6.052303
2.271743
2.386064
-3.338222
2.594155
-4.776723
-4.163223
1.364212
-5.512175
-0.553800
8.357975
2.287181
1.117215
-0.713337
-4.094894
3.981241
7.554893
-0.703477
-1.798684
0.806922
5.436464
-4.081096
8.186323
-8.424123
1.861408
-0.735435
2.127075
4.184052
-6.423682
5.591158
-1.334127
6.361081
-13.126198
-9.171105
-4.259810
3.582060
6.876959
-4.898581
-1.425333
1.706237
-3.054132
-4.535742
3.878987
-5.849091
-5.449592
-6.402437
0.503755
-1.575972
0.753768
-5.860844
-1.544589
-2.198841
-3.694315
6.543238
4.751805
7.935761
-0.819990
-2.539661
-8.563834
8.716673
4.434653
-2.570871
0.553883
-1.986124
4.507250
-3.565620
0.840364
-8.252701
-7.404297
0.197230
-4.762948
3.280648
0.729416
4.417120
-1.452662
2.449791
1.479618
-4.163601
8.129425
1.829236
2.400727
-9.149968
8.047958
0.149725
-3.468054
3.742824
3.691751
1.617883
-3.316515
5.346648
-4.554040
4.808206
0.656330
2.098293
10.354953
2.145879
7.994058
-0.999405
5.259026
3.581891
2.165393
0.670352
-10.449771
10.582881
-10.741871
-2.788399
7.916936
-4.943968
-0.816324
7.217159
0.870374
-2.108025
-0.273207
-3.112589
-6.318593
5.803734
-2.754715
5.573724
-0.942871
10.458684
-9.180101
-5.793652
0.436205
4.737796
6.484161
-1.496113
1.235298
-6.692331
2.660245
2.751586
0.732765
0.354529
2.737578
-9.930511
0.960649
4.319623
0.062680
-3.830961
-8.263523
0.579885
-1.727028
-1.921962
-6.837918
-8.686156
15.697020
2.663561
-3.020594
3.076275
3.444890
-6.650737
4.118177
2.684135
1.855858
-4.155570
-5.781325
-6.546049
0.369576
4.397335
10.859665
5.066370
-3.087906
9.538026
-4.575281
-9.206638
-0.872938
-0.400066
-1.426241
6.587214
6.223708
4.878920
-8.297758
4.598350
6.418532
-1.551489
-1.021040
2.650617
5.487694
1.363855
-4.172434
-5.196703
-0.580106
-4.830563
2.065226
-2.734810
2.838632
0.332788
-6.515214
4.347859
-4.449539
7.085235
-7.215838
6.511282
-3.466354
-6.275911
-4.452106
4.607623
-11.728559
6.230511
-0.136931
9.096246
-5.738854
-1.963583
1.494808
-3.046969
-9.269637
6.952054
-0.336699
-6.237680
2.068197
-7.880394
-1.458813
6.143849
2.735365
6.524298
2.478107
8.197439
-2.147014
6.094563
5.845127
2.754894
-2.179371
1.124691
-4.830816
2.921407
3.521068
5.618860
2.616633
-0.008574
9.683570
-2.409843
-5.434050
-1.612899
-1.201438
2.740395
-0.921246
6.419376
5.813448
3.733407
-5.057416
11.583184
2.330408
3.417056
-0.255680
-6.829401
-0.624737
-2.966954
-8.906439
-6.217701
-1.976710
2.644683
-6.271933
3.056242
1.654396
2.575888
-14.367072
-0.557819
-4.595739
1.027577
-0.523705
6.522702
-4.322963
-0.221036
-6.836321
7.556640
-0.437952
1.787840
-7.283865
2.292043
-2.473833
7.925813
-4.789239
3.923909
2.103382
-1.452425
7.410423
-2.740989
-6.529653
-4.017160
4.102455
0.019807
1.209266
-1.718884
2.305449
-6.312710
-3.101758
4.499142
-7.685757
0.900821
-4.937385
2.506255
0.731661
-6.520080
2.695808
2.879514
2.157656
-1.484455
-3.253822
-4.190676
-4.514383
-0.196307
4.853745
6.344700
2.411123
-1.524363
-6.353874
-3.003380
7.698387
2.235651
3.010242
12.723775
-5.646299
2.740254
-0.980427
-5.065374
-3.372169
2.196947
3.069029
3.147486
0.622769
1.645962
-3.592091
5.075899
5.516344
6.509240
-1.067975
2.911637
-6.416960
4.221255
1.503906
-7.217931
-1.111084
3.012626
3.852816
2.579897
-6.835373
0.647872
8.546571
-2.709817
-4.878618
1.618640
5.216533
-6.163774
-2.981442
3.509763
-7.683205
-0.108701
4.815975
0.841457
0.683978
1.206302
-3.424198
1.795475
0.694268
2.401461
-0.878851
7.090214
-5.295832
8.226795
-3.005294
4.569509
-3.516670
0.679940
0.351470
3.797727
5.525462
1.746891
7.796508
3.220384
1.140841
-3.261387
-6.648515
-2.429362
5.921737
1.299936
5.856021
-5.061375
-1.416527
8.422292
-0.713929
4.387342
2.403796
-1.154188
-2.182123
3.818058
-1.784936
3.449121
-3.575023
-7.886676
1.257286
-0.759921
3.027072
0.730575
-6.189480
-4.044999
3.591510
-1.012615
5.724042
1.781610
-14.124160
-8.012668
3.826985
2.110832
-3.752887
-4.286216
-3.370896
3.532599
2.557347
9.799080
5.723774
1.289891
0.601085
-6.910243
9.493122
1.619567
9.427784
6.925586
-4.506040
-0.398376
-10.829951
5.991796
5.335799
-7.876353
-0.376933
-0.870553
-3.738626
2.970785
1.144037
-6.219022
-3.118112
-2.094110
-12.237687
-0.517072
-4.930375
3.312684
0.741381
1.932362
-3.809840
9.390870
6.475264
3.745373
-3.529582
3.555425
-3.532344
-8.072795
-5.826568
0.860601
2.705650
4.509611
-0.312150
-0.930529
-0.371022
9.015901
5.044855
7.361390
4.479464
3.369495
7.819739
3.577154
-0.782379
0.247164
1.759715
-3.113972
-0.581497
-3.165516
-6.985955
3.273147
-1.004456
-1.998471
-0.647121
0.458656
0.026438
-0.120088
-4.691486
1.217430
5.746655
3.951710
5.129384
6.079876
6.560125
4.021227
6.469026
-2.651888
2.628683
-3.110642
-5.700007
0.289912
10.016539
-0.753116
-11.813514
-3.415492
0.479285
5.947186
12.566279
0.050134
-1.004738
-2.657371
10.237925
5.695155
-1.773444
-10.680117
2.846448
1.626960
1.800841
-8.196315
-3.482273
4.945090
3.881647
-5.717617
-5.314978
-8.067913
-5.396212
-5.334842
3.854793
-8.402440
-6.136381
-5.365638
6.469068
2.402000
2.424901
-5.002864
-2.731172
-0.308645
4.818907
4.559316
-0.925982
-2.911705
0.866206
2.496951
-6.618131
3.948755
3.836346
-7.289923
1.768704
6.315363
-3.109484
8.753429
2.369523
0.728709
-10.972714
-5.005497
2.101363
-2.025806
-9.770170
-5.004463
-7.191978
-6.602416
-0.120071
-2.192155
3.980899
-2.799997
-1.237688
-0.613083
-0.807683
2.596230
0.014734
-6.164257
0.467864
5.824854
2.177620
1.854418
10.324916
